0  0  
0.007993678265  0.007993678265  
0.6394006559  0.6398868508  
0.4932353083  0.1549159569  
0.3470246202  0.1468213707  
0.5719440924  0.2269662927  
0.3161962299  0.2564784791  
0.6223313852  0.3091518909  
0.5225414291  0.112685845  
0.3616058616  0.1795130502  
0.370220278  0.06445152543  
0.5936654656  0.2282735275  
0.7433538743  0.1570249765  
0.2812560807  0.4644719224  
0.5596764306  0.2805698693  
0.5790610197  0.07023451334  
0.7162785988  0.1475479895  
0.9061166434  0.1907266208  
0.2082529037  1.048455006  
0.6661990459  0.8101082979  
0.8181691678  0.1586855379  
0.7199869572  0.1065680023  
0.6627479863  0.0753522721  
0.3565199069  0.3153397276  
0.6103076216  0.2642688193  
0.6606042907  0.09011738548  
0.3422829404  0.3252001971  
0.4900949012  0.1543986091  
0.556349855  0.07143126433  
0.6970706674  0.1539196649  
0.5972651186  0.1098911475  
0.3592908086  0.2766600776  
0.6663703556  0.3204597468  
0.6577602325  0.06797793615  
0.8163322765  0.1640471109  
0.2048723754  0.6800858041  
0.8114629103  0.6803694877  
0.6448977002  0.171084006  
0.8385954922  0.1964965557  
0.7250570917  0.1222819099  
0.6922212211  0.05351173506  
1.109275841  0.4198615962  
0.6402509942  0.4763469804  
0.8012776702  0.1659887014  
0.8921403066  0.09873025574  
0.388390518  0.5434540092  
0.8076929394  0.4485469826  
0.5460177538  0.2766055678  
0.7898148401  0.2594089139  
0.38470543  0.4300216202  
0.8245415277  0.4656316481  
0.496395271  0.3382618144  
0.3604762523  0.2121648431  
0.7692052776  0.4661465405  
0.8952814949  0.1354197434  
0.6934720386  0.2098391  
0.7724206906  0.08972960407  
0.7432308274  0.03246230365  
0.5212554857  0.2340216889  
0.7567482928  0.2492910075  
0.835943332  0.087479269  
0.8278533368  0.0495591471  
0.7038693246  0.1453201332  
0.6532540744  0.07959926365  
0.5824868103  0.08233720224  
0.6075579613  0.03940145516  
0.6869635822  0.09001963947  
0.7075916345  0.04706150869  
0.8844613765  0.1962862214  
0.3733095762  1.053140711  
0.7478654607  0.8955208368  
0.8376807595  0.0969625293  
0.7673159949  0.09341633554  
0.993676623  0.2321955505  
0.9491430397  0.05882386968  
0.6627452638  0.3081851384  
0.7787349364  0.1202088088  
0.5137557156  0.2966204399  
0.7392070267  0.2601579777  
0.6839572867  0.07856740058  
0.7650834272  0.09710657398  
0.6715493096  0.1056956537  
0.9573224047  0.3010275764  
0.934119661  0.06473763308  
0.4970875114  0.473202464  
0.6552076008  0.1736490484  
0.3693363118  0.4706493506  
0.7184509134  0.5435004987  
0.9226826963  0.224053772  
0.5561105282  0.3975394098  
0.822105449  0.2866422531  
0.7219193466  0.1152327265  
0.5532262773  0.215140834  
0.6604327446  0.1303456317  
0.6671100771  0.03383714582  
0.6614035895  0.04086954397  
0.7888604256  0.1447815173  
0.8916498905  0.1159208131  
0.7205698879  0.2320424264  
0.7778716936  0.1130714742  
0.8015623693  0.04123086033  
0.694391282  0.1312839867  
0.7106198552  0.04073786436  
0.3904499966  0.5972265812  
0.8674632466  0.7598869586  
0.9738486971  0.1158308523  
0.9051828276  0.08123450627  
0.4964538216  0.4619236538  
0.9158800759  0.4725830017  
0.83843785  0.08404062338  
0.9320827007  0.1051851404  
0.8032761341  0.1574679511  
0.7373293594  0.08976104967  
0.6161542184  0.1577946906  
0.959118248  0.3863836759  
0.6447220893  0.3847650919  
0.7843290282  0.203591473  
0.7899719132  0.02723192182  
0.9904887452  0.215346969  
0.8561065273  0.1419829809  
0.4190892447  0.7815215966  
1.01132932  0.9255688197  
0.8473593869  0.1726100141  
0.6784574494  0.2186934247  
1.038080263  0.4027420359  
0.7924812307  0.2590601945  
0.8899994412  0.1067569095  
0.9526562024  0.09136181025  
0.780403332  0.1845349388  
1.053161007  0.2906218146  
0.7968182634  0.3269937929  
0.7689716442  0.06339099078  
0.7065112478  0.1006693161  
0.8662503272  0.2157499457  
0.7873865374  0.1423494696  
0.9010510648  0.1603478443  
0.7041366703  0.2307866528  
0.5010943094  0.6222436171  
0.5334747885  0.1551043235  
0.565420164  0.03677689666  
0.6122080857  0.2110461318  
0.6200011673  0.05755052406  
0.7476794624  0.2489648556  
0.7159008685  0.07716761149  
0.6555756183  0.1611900857  
0.6269489948  0.09861543973  
0.6325241833  0.04475604243  
0.683670316  0.1096898434  
0.7006950348  0.07109281574  
0.7539135432  0.1010321613  
0.6422290356  0.2427194692  
0.691710747  0.1397587588  
0.6756756367  0.05927607935  
0.6725403898  0.01249964697  
0.6354228764  0.069060404  
0.6450175555  0.05587340302  
0.5767993158  0.1570655935  
0.5912666085  0.1455640976  
0.6034191242  0.118513412  
0.6694129799  0.1929255529  
0.6514780057  0.1004346851  
0.7741577139  0.2704718981  
0.6873970765  0.2230023233  
0.6267497988  0.1405253725  
0.7768849646  0.4243003397  
0.6107259202  0.3244621009  
0.6779512875  0.1402480876  
0.647085339  0.1240343429  
0.7871375184  0.313124731  
0.6830898563  0.2640931093  
0.7614485192  0.119613806  
0.7660102377  0.05846761302  
0.6728731875  0.4274055755  
0.6192471187  0.1256884796  
0.7333950837  0.3255463809  
0.6792201093  0.212481107  
0.6889227729  0.05198710622  
0.6846064656  0.09541538908  
0.7808050168  0.2318989404  
0.6560394006  0.3943744429  
0.7644817334  0.3652818989  
0.665568987  0.3944626617  
0.6943991711  0.112330493  
0.8630058231  0.3782250539  
0.8252601763  0.07876038441  
0.8270918459  0.04115913832  
0.7738007847  0.1457332619  
0.9999643191  0.4010829295  
0.7762177645  0.4380280343  
0.8267250966  0.1030616874  
0.7497381484  0.3788608471  
0.8221185783  0.287027835  
0.7862626118  0.09932127937  
0.8006639925  0.08715338711  
0.7951593182  0.05945683128  
0.8394958465  0.1949342411  
0.790016277  0.1262522035  
0.8250239045  0.09126262642  
0.6572887972  0.474954009  
0.7182566995  0.2773743773  
0.7565973335  0.08491575244  
0.6851334253  0.1166016559  
0.7608792814  0.1463189959  
0.9409324638  0.2895308777  
0.8169306524  0.1764728715  
0.7985952779  0.03848147723  
0.6557580639  0.4214294406  
0.7540608268  0.3559273688  
0.6763208481  0.29232995  
0.7163191695  0.1084192258  
0.7020959967  0.03796743578  
0.7806762658  0.2225340117  
0.7093231633  0.2142771771  
0.7934401892  0.1920485631  
0.6901878608  0.2080529028  
0.807744088  0.2104603043  
0.7475404289  0.1208240492  
0.9178875778  0.3361109778  
0.7131778724  0.488381198  
0.8762953979  0.3919576619  
0.7530869623  0.2764249403  
0.7762781439  0.03740004363  
0.8192456238  0.1302696301  
0.8889898356  0.1125596546  
0.7042648799  0.4255944494  
0.7651456586  0.1958321445  
0.8046681569  0.1207232411  
0.8999392664  0.1410299358  
0.7706961164  0.2999884594  
0.8971343631  0.3068043997  
0.7970264005  0.250793852  
0.9641245832  0.354868228  
0.8026249911  0.3662184089  
0.9158629609  0.2424170471  
0.8490423253  0.1823660286  
0.8455919588  0.05758577565  
0.8392747902  0.02760393111  
0.9182054871  0.17207466  
0.8881315926  0.114618705  
0.888135796  0.1250407851  
0.812619988  0.1780748162  
0.8042728242  0.04832899438  
0.8857746498  0.1968680555  
0.8157163119  0.2850500553  
0.871373047  0.2233840597  
0.9182432573  0.0622252854  
0.9981484977  0.1818960833  
0.8290010829  0.5261300914  
0.862404238  0.1396990034  
0.8998696756  0.07691769285  
0.9027705492  0.07287198262  
0.8992519633  0.06747932454  
0.8480718353  0.2880080142  
0.9244179691  0.2550549784  
0.918434779  0.0399414554  
0.9598611827  0.07532235568  
0.9294837192  0.3487066097  
1.105297745  0.5228604872  
0.9151506466  0.4759765353  
0.9602668137  0.102039575  
0.9469685882  0.06004090682  
1.059748607  0.3167304272  
0.9776717734  0.1537836878  
0.9638941599  0.1497554324  
1.003194336  0.1137746308  
0.949917014  0.2423998779  
0.9343978906  0.138269672  
0.9718279066  0.2080409607  
0.8809076913  0.2772924598  
0.8686511976  0.0348307908  
0.963358896  0.1847856307  
1.020570694  0.1722922553  
0.9389690825  0.219482266  
0.9362908941  0.03976010251  
0.9529554523  0.04664760723  
0.8968736517  0.143788215  
