0  0  
0.0235046921  0.0235046921  
0.1304576289  0.1437065908  
0.1045299858  0.08646677125  
0.1369167634  0.08357741862  
0.2778950516  0.2930398262  
0.2204702566  0.3032621784  
0.2109720863  0.2025009516  
0.1344972569  0.1664592014  
0.1936842977  0.08283478851  
0.2748428253  0.2861386122  
0.1796998466  0.1270386522  
0.2618243331  0.1061918943  
0.239780233  0.2603820173  
0.2536503007  0.1040677318  
0.279746217  0.07837774598  
0.2661426053  0.1603895245  
0.5519759949  0.3248441048  
0.2425623389  0.5695340795  
0.2938607836  0.2128588539  
0.4489893823  0.2279015706  
0.5169184194  0.08544763795  
0.5507527091  0.05209646755  
0.4682029517  0.2097482396  
0.3569458897  0.13247899  
0.5476894715  0.2158652954  
0.478581754  0.2648926587  
0.4450394436  0.1885976306  
0.4845414296  0.101641641  
0.6430348962  0.2001396302  
0.6568627972  0.08483188972  
0.6251536371  0.3242885556  
0.6984591034  0.1245312394  
0.7474970945  0.1071431778  
0.7725254021  0.1567629467  
0.7928511406  0.2263345616  
0.8263178659  0.2429895444  
0.7262538507  0.1494858586  
0.7953924309  0.112945035  
0.9535272722  0.199660088  
0.6649243279  0.3944526447  
0.879333612  0.3553928183  
0.7832805714  0.3592966071  
0.814859927  0.2206774374  
0.9123893862  0.1223588878  
0.7212009099  0.3838125982  
0.9183145291  0.3960011272  
0.9731427955  0.218650366  
0.9930187102  0.08507863602  
0.9473722716  0.2337573755  
1.00800542  0.2140941163  
1.082304259  0.3621610916  
1.057856422  0.3280142089  
1.078388075  0.0801017614  
1.162571764  0.261217086  
1.129501588  0.2464777373  
1.148491849  0.05167728126  
1.044839686  0.1056615178  
1.023826205  0.1193396827  
1.032699598  0.06737062915  
1.031810049  0.2084502919  
0.915278721  0.1788483105  
0.9619210895  0.136687059  
0.8584770977  0.1482598417  
0.8484987944  0.09537301216  
1.012911225  0.2763531414  
0.9324188587  0.1013896856  
1.010210685  0.1670709203  
1.118674992  0.3169018269  
0.9662197111  0.7377991468  
0.9934185641  0.5740418419  
1.02199159  0.06724495503  
1.128003296  0.1529134167  
1.120936878  0.2252922705  
1.146866067  0.2439344775  
1.112330163  0.1348347638  
1.210162318  0.2140370577  
1.106969183  0.2752621128  
1.142251415  0.1210250983  
1.125500344  0.1223863971  
1.120422566  0.1912550433  
1.069310594  0.1950597389  
1.167103717  0.2470478976  
1.07170535  0.1263103985  
0.9543577815  0.2260788287  
1.069118416  0.1574052814  
1.12386194  0.07489488715  
0.9750169779  0.1666539204  
1.09821068  0.359385811  
0.9828339799  0.4190096532  
1.110725393  0.3021942418  
1.073913489  0.08216900099  
1.094618983  0.1118805262  
1.033253641  0.07696105697  
0.9708382227  0.1462732508  
0.9860672948  0.1352521715  
0.936111835  0.07131906803  
1.060357497  0.3097304418  
1.055994314  0.04511633156  
0.9592624953  0.1397818488  
1.040862655  0.08950663536  
1.018557533  0.1304390821  
1.038967307  0.05123021373  
0.9545711475  0.3420684064  
1.082077939  0.4603015398  
1.034377662  0.06781599995  
1.03238047  0.1455128476  
0.9410867524  0.458152728  
1.007947704  0.1464999135  
1.008570751  0.07722265901  
1.124997704  0.2059889462  
1.043375766  0.09049388447  
0.8937807365  0.2018535262  
0.753073052  0.2730380047  
0.9800364039  0.3360042324  
0.9416924375  0.08985812787  
0.88378188  0.08577430306  
0.8588366284  0.1065506635  
0.9259477802  0.3290467537  
0.8354152846  0.2390363385  
0.7030809282  0.2987617338  
0.9147077354  0.4788401709  
0.8057816856  0.2957118503  
0.747880515  0.102234413  
0.919057249  0.3108779796  
0.8051582719  0.3167703684  
0.8321017098  0.1750277765  
0.8874327694  0.08047783307  
0.8765553058  0.06534979353  
0.8955303852  0.07792108655  
0.8474601687  0.1071153652  
0.8647214663  0.09682158289  
0.7211917481  0.2220020226  
0.8313973226  0.2912328838  
0.7626382987  0.2264996866  
0.9181418323  0.2432996622  
0.7774803196  0.3962765478  
0.7499174406  0.20014343  
0.5681270383  0.7626732968  
0.5692703161  0.02653997465  
0.6276279258  0.09832460145  
0.643116003  0.09880174377  
0.6589092946  0.1138624533  
0.6277333989  0.05275342971  
0.5486175346  0.1086951906  
0.4989347031  0.1096701138  
0.5226106719  0.03029572988  
0.6305612919  0.2333748774  
0.5404410654  0.1656972039  
0.5940307452  0.148853912  
0.4984503174  0.2901692566  
0.5445683715  0.1700936753  
0.5368699739  0.01954972619  
0.5461322537  0.03903615802  
0.4676593557  0.1587580997  
0.4984228825  0.09056685864  
0.4616771144  0.0981409488  
0.4474847765  0.1012879188  
0.4265171333  0.09139290748  
0.453453735  0.1752413859  
0.446422211  0.0467073676  
0.4898438838  0.1612200341  
0.4723284936  0.04828275005  
0.4113708568  0.2392106168  
0.6405765493  0.5218075007  
0.4323520745  0.3874080189  
0.4460607795  0.05877315363  
0.4598715482  0.02871174802  
0.5886601332  0.2439136537  
0.4847132275  0.1884975026  
0.5653617719  0.1447579419  
0.4690937718  0.1994076218  
0.4267372861  0.2124455905  
0.4372959202  0.08925491756  
0.549689222  0.3431997637  
0.4801544847  0.1353382795  
0.4465533322  0.1597592747  
0.4447801994  0.09444181696  
0.5490268166  0.3872722949  
0.4250241876  0.4030000571  
0.5188417135  0.3750844669  
0.481805874  0.4064465682  
0.5153823193  0.09140984061  
0.6417547759  0.4763556523  
0.5974566489  0.1914722114  
0.7068404919  0.1484643695  
0.6600160712  0.121301834  
0.7980718947  0.3434065663  
0.6228071306  0.4118941995  
0.6745499158  0.3060283575  
0.6378676954  0.5416938873  
0.6149355446  0.3505722917  
0.6306252752  0.144989591  
0.6443874889  0.1657347477  
0.6393509642  0.1112936794  
0.7290568754  0.2921514802  
0.6422553132  0.1746425919  
0.6711370029  0.125862985  
0.5160587018  0.4239244416  
0.5259618344  0.1406243842  
0.48501821  0.1221724315  
0.4664487501  0.1571157361  
0.567043619  0.3348824249  
0.6267392454  0.122930514  
0.5444128294  0.2474651754  
0.6149779891  0.1647094447  
0.5928662161  0.5157518034  
0.7061003827  0.5334378802  
0.5696209148  0.3170025939  
0.6165197592  0.08473102063  
0.6213582271  0.05491172237  
0.6131726482  0.2103872559  
0.5815447737  0.2257049393  
0.6911453565  0.3222249518  
0.5829659562  0.2913819586  
0.6375586498  0.187272343  
0.5861758319  0.1711709064  
0.7180703129  0.3577776693  
0.5871426782  0.4261968688  
0.6494968798  0.3358316474  
0.5725846002  0.2373065658  
0.5256155  0.06691842237  
0.5661091013  0.1673779893  
0.6049784788  0.1009810108  
0.4453445316  0.4282178504  
0.510114687  0.2912652736  
0.4992751549  0.08847111214  
0.6260706567  0.2476543762  
0.5317675257  0.3016346075  
0.6147370538  0.2749975939  
0.5321671789  0.2271821498  
0.6334793423  0.2940768889  
0.4927135525  0.347300187  
0.6229686574  0.3171625701  
0.4895782734  0.2196994801  
0.4417044848  0.21969233  
0.4637660086  0.09169133161  
0.4928555643  0.1617969609  
0.5260412521  0.03912644713  
0.5438055597  0.04968247993  
0.6525334998  0.1977588835  
0.8762441163  0.3085891396  
0.939068519  0.08703539445  
0.8260350955  0.2654288268  
0.7528976083  0.1478024589  
0.7359027149  0.1248108116  
0.7872961671  0.3285059661  
0.611592821  0.430924886  
0.6626187835  0.142087574  
0.6813934158  0.08038150337  
0.686765206  0.221167803  
0.6698398271  0.03788990318  
0.698107463  0.2070890534  
0.726124722  0.1751306608  
0.7174937965  0.08549438442  
0.7571013792  0.1861192903  
0.7118316261  0.3416564624  
0.889307131  0.5655064627  
0.7781846179  0.3439567856  
0.7434579193  0.08924615207  
0.7311758855  0.07591972108  
0.8269010821  0.2976125814  
0.7341206831  0.2416495859  
0.771769375  0.1196471861  
0.7081403146  0.1170497493  
0.7144940831  0.1189000329  
0.7065631083  0.03275951831  
0.7452469553  0.2366981838  
0.7024938492  0.2205267418  
0.6829740924  0.09490440902  
0.7700279354  0.3215363039  
0.7277524046  0.07527403722  
0.6876613799  0.1571705497  
0.7033592623  0.06126479282  
0.7802588569  0.1990549599  
0.7248296346  0.1663508628  
