0  0  
0.02052343168  0.02052343168  
0.347334069  0.3481775795  
0.3408000989  0.03388497357  
0.2558620093  0.09244476596  
0.531623557  0.2824140969  
0.1995908972  0.3432474794  
0.4489790556  0.2600871212  
0.3999635178  0.05464516694  
0.254807214  0.1552393857  
0.3085329697  0.06302821616  
0.4437963899  0.1461412801  
0.6626581049  0.2255290963  
0.2141927474  0.4668098182  
0.416037303  0.2124010997  
0.3701233732  0.05077707652  
0.5413672379  0.176356118  
0.7021152132  0.1671838935  
0.1454954733  0.7758931825  
0.4465781646  0.5113297413  
0.5554343381  0.1140798536  
0.4632760015  0.1175167545  
0.5771489958  0.1352117718  
0.2118548875  0.4518268531  
0.3723349219  0.2171628087  
0.5051031122  0.1492583362  
0.258221712  0.302426544  
0.3751556746  0.1562608481  
0.3852293203  0.03602830691  
0.4756725196  0.1042968363  
0.4416772284  0.04513954688  
0.2844644875  0.2354402323  
0.4266156923  0.2128710256  
0.5155150474  0.119283868  
0.6102011871  0.1046017426  
0.3307362026  0.3749052831  
0.5768207862  0.3458465833  
0.4244840903  0.1692754351  
0.6082078075  0.2064959448  
0.5630357142  0.05095391402  
0.5357213071  0.0522794112  
0.8178953192  0.2939429072  
0.4605100438  0.3828497546  
0.6435593227  0.2122711695  
0.6302571338  0.04114879743  
0.2835479644  0.4453571535  
0.5472583494  0.347551809  
0.3383444557  0.3214035754  
0.6558152992  0.4361501005  
0.3447392244  0.5116320411  
0.6495602721  0.4234176353  
0.5990035608  0.2996178981  
0.6370412083  0.09386558111  
0.7193117038  0.1919736  
0.967211793  0.2895949206  
0.7909883353  0.3085073503  
0.7996985927  0.08848233813  
0.9195326746  0.1857775985  
0.8793625502  0.3279435923  
1.023231598  0.31614449  
1.189927079  0.2017360115  
1.083663683  0.1888999296  
1.04961487  0.07899163483  
1.060736707  0.03764405603  
1.087816125  0.05732890212  
1.085791242  0.09363866727  
1.096447718  0.09111342187  
1.163679446  0.1481572326  
1.384115001  0.3043206193  
1.14876579  0.9317720398  
1.246486101  0.6525928824  
1.26673395  0.0700895857  
1.284904979  0.1241456616  
1.303412901  0.2345966582  
1.376709963  0.1037828105  
1.241799343  0.2598472268  
1.344948764  0.2660577964  
1.181276599  0.4591800928  
1.32047777  0.2252356426  
1.372746832  0.09678209281  
1.49859561  0.2440403858  
1.442918094  0.1601459453  
1.460636505  0.2597643324  
1.538329261  0.2164824564  
1.329915912  0.4490056189  
1.378859977  0.2009238361  
1.307178716  0.2819322551  
1.354367932  0.2486247947  
1.529090741  0.3238492188  
1.268841321  0.5777219698  
1.39531474  0.3201154227  
1.386851546  0.03226456551  
1.383262584  0.02804836802  
1.347891156  0.08103870504  
1.378491328  0.05228787454  
1.259368615  0.2180147512  
1.001496511  0.2812885239  
1.089780372  0.2346195389  
1.042571695  0.0657791105  
1.001947031  0.04890006076  
0.9274509388  0.1574809341  
0.9357632793  0.05928107708  
0.9283943352  0.0353153521  
0.8369173675  0.3206732922  
1.025655132  0.5098136082  
1.050614251  0.04179311678  
1.019006507  0.04404700448  
0.8416372035  0.420344185  
1.051932251  0.4554243703  
1.055907758  0.04871068815  
1.07144051  0.04058520647  
1.000706575  0.1280880428  
0.9348549249  0.1011620958  
0.9393431024  0.05137941106  
1.093912435  0.2833160249  
0.9367597974  0.2654890207  
0.9393365554  0.05238563938  
0.9734206798  0.06384864817  
1.130311532  0.2397985206  
0.9591536515  0.2268567441  
0.7991692818  0.5129538297  
1.02966688  0.5902565612  
1.027088024  0.02176179135  
0.8663145002  0.2771635407  
1.089837543  0.3887106592  
0.9570722575  0.2128820806  
1.029532101  0.1119868007  
0.9988368355  0.06362746143  
0.9859041458  0.04835733242  
1.064808745  0.1595927822  
0.9999751985  0.126908514  
0.9382610684  0.07484491044  
0.8506139589  0.1631515014  
0.8857401817  0.1157391838  
0.8821269091  0.07736702023  
0.9790757954  0.2051766216  
0.7967363176  0.3517879726  
0.7632205888  0.2617202311  
0.5914146405  0.3121234902  
0.5734204181  0.02392053161  
0.5688593304  0.0494417193  
0.5765385634  0.1117139949  
0.6238599865  0.1549305292  
0.6107629908  0.03602193482  
0.5993356853  0.08887704971  
0.5980218923  0.1455088152  
0.616361879  0.1174777398  
0.6237065863  0.06913552988  
0.6258091162  0.05469057949  
0.6576064615  0.06094079267  
0.6076156803  0.2308882655  
0.681514842  0.2396488267  
0.6343045505  0.1522761664  
0.6155961731  0.02684758208  
0.615626224  0.04523188385  
0.6034066876  0.02272856508  
0.6205815011  0.04836611723  
0.5942769953  0.1566183516  
0.5909711761  0.0744821669  
0.6089438116  0.2865649197  
0.5716307976  0.1633650115  
0.6640345128  0.2724313837  
0.5701378388  0.2955240396  
0.5888531743  0.07537021085  
0.7350741473  0.3266615518  
0.5989009382  0.3075981944  
0.5979929801  0.03111068524  
0.5929762622  0.04454349505  
0.6985653969  0.2718522919  
0.6647895657  0.1335331047  
0.6322649653  0.07957746806  
0.6462781827  0.05203867618  
0.6104746534  0.2783429741  
0.6267099591  0.09377279303  
0.6600700723  0.1948756163  
0.6556480533  0.1139419055  
0.634517145  0.1957211472  
0.6451887827  0.1589080015  
0.7063555802  0.1829453984  
0.6712501436  0.3576202002  
0.7207985278  0.3486547804  
0.7124005098  0.3167353793  
0.7369823237  0.1107222895  
0.775625358  0.235234149  
0.7750580348  0.06444909655  
0.8179011264  0.07369458948  
0.7826340963  0.1182680868  
0.9174855901  0.2942804581  
0.7909761772  0.4121197998  
0.8395336129  0.1809067129  
0.8205505219  0.2748016171  
0.8174655983  0.1762288338  
0.8436420651  0.1717935651  
0.8704324045  0.1550691571  
0.8858987176  0.1090042516  
0.9575817294  0.2905658554  
0.989474354  0.0786269117  
0.9485747581  0.04585741624  
0.9142296589  0.3040021546  
0.9058190841  0.1222150235  
0.9381455283  0.06377662259  
0.9836804423  0.1070194381  
1.028065322  0.1085794402  
1.10133944  0.170411508  
1.027468324  0.2253522492  
1.018740599  0.04581273677  
0.9827662543  0.2461116233  
1.123699537  0.3353677647  
1.009335874  0.3003227361  
1.025924959  0.03890752066  
1.041368007  0.0559419943  
1.075583387  0.07504114201  
1.053337642  0.1312356134  
1.125674836  0.2739218572  
1.104914739  0.1257056311  
1.143596525  0.1006398639  
1.122809905  0.1352668138  
1.186248586  0.2252284979  
1.093112704  0.3354992497  
1.12811448  0.1772178915  
1.077248147  0.1913389037  
1.102044329  0.1431783964  
1.148773915  0.1135692178  
1.148248944  0.05421500377  
1.174143718  0.1441397955  
1.132504875  0.07508329814  
1.150983095  0.1553770549  
1.165354082  0.04811858098  
1.123568464  0.1535234438  
1.19667986  0.2426104917  
1.152629695  0.1991333744  
1.236219417  0.2640716314  
1.137540765  0.2888134305  
1.176727256  0.1321026285  
1.166299083  0.2421363989  
1.161972197  0.06030463522  
1.150513301  0.1110600942  
1.195975803  0.2301158517  
1.172684431  0.06534506767  
1.211829182  0.08777531093  
1.198550508  0.0911404529  
1.240524187  0.06529904772  
1.160533735  0.1028352309  
1.142293283  0.2480524729  
1.174492703  0.2415683105  
1.207138651  0.08434457703  
1.215675078  0.03548545023  
1.161301718  0.2971651877  
1.150906822  0.03094243567  
1.163211394  0.05397750176  
1.196527144  0.1723649868  
1.203276968  0.02140598263  
1.175223193  0.3009132282  
1.167948958  0.1555965281  
1.205942083  0.1087670973  
1.226074564  0.06637457588  
1.180182614  0.2821884639  
1.270632316  0.4245930975  
1.274734772  0.2810739876  
1.221179189  0.1471017074  
1.232937348  0.1163988025  
1.263556489  0.1857504536  
1.236246404  0.1968212824  
1.23325994  0.04723081764  
1.253589543  0.07086332125  
1.225123757  0.2481485732  
1.275337052  0.1875451637  
1.286614337  0.09468598858  
1.269567889  0.152360399  
1.298897971  0.06413341428  
1.294257063  0.09246507108  
1.344870579  0.143684085  
1.274890581  0.266759436  
1.29417791  0.1622632883  
1.305533637  0.03035820461  
1.365025966  0.1102190153  
