0  0  
0.02054565164  0.02054565164  
0.6522589294  0.6411258207  
0.5669031439  0.1051871301  
0.5891571785  0.05937310164  
0.829362953  0.2479649195  
0.4692054294  0.3623292304  
0.6991785605  0.2346000753  
0.5183157297  0.1897051844  
0.5659660817  0.07747334291  
0.6253504253  0.0780292314  
0.7297823038  0.1142794894  
0.869983513  0.1783956523  
0.4848041859  0.4361524451  
0.6760652222  0.2235289923  
0.6329936416  0.05551153483  
0.9164281366  0.3235366658  
0.970434816  0.0578147133  
0.1107946727  0.9257129834  
0.6227420344  0.5693683142  
0.7816066992  0.1654188997  
0.7543300021  0.07085980175  
1.00803529  0.2754903871  
0.5258087511  0.5225275291  
0.7504097801  0.2517742558  
0.8294017392  0.09507116269  
0.6401127166  0.2070231442  
0.6703434848  0.05759689751  
0.8052089707  0.1428650412  
0.85201191  0.07606284321  
0.8069766637  0.06842388013  
0.6298178962  0.201388412  
0.8517986682  0.2496527233  
0.953894608  0.1144028984  
0.9344745367  0.03176140128  
0.4208412637  0.6770475122  
0.9589965053  0.6832299515  
0.8666608281  0.1193599749  
0.8826879894  0.05059413276  
0.8627944241  0.09131123231  
1.007781069  0.1987343286  
1.069382606  0.06463623598  
0.8167595786  0.2723122877  
1.000507359  0.2544287239  
0.8202661247  0.3905711844  
0.5762602647  0.2659801622  
0.9227248362  0.3919830274  
0.597744616  0.394291891  
1.041479544  0.5175191048  
0.6830188332  0.424531524  
0.8632443439  0.2151876301  
0.7306659012  0.1504788754  
0.4178105551  0.3744302792  
0.8419500807  0.4986935261  
1.072082201  0.2751588398  
0.7348167473  0.3714761899  
0.9337624741  0.219601624  
0.998815793  0.09977210682  
0.7269102082  0.3772313596  
1.027278325  0.3646668664  
1.0337981  0.0770727788  
0.8472649194  0.1939786323  
0.8688357187  0.277747664  
0.7186563665  0.2261940348  
0.9028498876  0.2526805373  
0.8831353693  0.04719203703  
0.7866695797  0.1198119965  
0.8792144902  0.1824726155  
1.114468063  0.256913096  
0.3503520597  0.9324726079  
0.9160498966  0.7100772949  
0.8482272294  0.1418373014  
0.9381340862  0.1176864525  
1.051775987  0.1340386706  
0.9862997181  0.08141361486  
0.8034809319  0.2006182226  
1.023618912  0.2599144365  
0.7614402627  0.2929466824  
0.9189753931  0.1745719163  
0.8602058415  0.2197452572  
0.9379800861  0.1075782987  
0.9757244791  0.05727382504  
0.9153409113  0.07286219256  
1.152761741  0.2638660935  
0.677936602  0.5395039224  
0.9873117458  0.3384038924  
0.4836422174  0.6407067716  
0.7958804441  0.3829720784  
1.112526398  0.3855669104  
0.7013827912  0.4767312303  
0.8971579659  0.2407726089  
0.985520501  0.1024052647  
0.8463726574  0.1692100647  
1.021075606  0.2340858047  
0.9192475442  0.1939850355  
0.9025460603  0.05370048566  
0.8377904211  0.1018041826  
1.048615472  0.2638950454  
0.9511041485  0.1292667722  
0.9644979356  0.04852551322  
0.9003559003  0.06746725605  
0.9575508322  0.08266515377  
0.8351229145  0.1694240493  
0.5733843851  0.3233586271  
1.041215697  0.5839798907  
1.08820285  0.06477065283  
1.169126181  0.1019109224  
0.8167348653  0.4374357976  
1.215598011  0.4612340185  
1.044632095  0.2037598606  
1.046161983  0.04898699972  
1.033067336  0.05594941378  
0.9856300339  0.08792068642  
0.9311979299  0.06906686058  
1.146674166  0.2348963022  
0.8975845192  0.2972974651  
1.016919698  0.1492657223  
1.149014234  0.1676276723  
1.159675672  0.02703912656  
1.145438146  0.09010905969  
0.6263689904  0.6213986043  
1.162663533  0.6373721646  
1.02750378  0.1885563084  
1.033984662  0.0599420192  
1.32862696  0.3353786823  
1.0156761  0.346392789  
1.17383846  0.1959992476  
1.125359004  0.08690938481  
1.10454386  0.04809058402  
1.216417698  0.1385534418  
1.055384444  0.1759030505  
0.9536458579  0.1497216671  
0.9769925469  0.09881323717  
1.072535548  0.1072195834  
0.9660668522  0.1670123282  
1.130233159  0.1900457134  
0.8734094658  0.2657515789  
0.6378291214  0.300405751  
0.4751668929  0.9819463393  
0.3860502253  0.09813828308  
0.2725058102  0.1836878373  
0.4173171509  0.2866429441  
0.3913527994  0.07467372155  
0.5568705982  0.186868593  
0.3000323174  0.2941957707  
0.3211314844  0.04805398828  
0.4237833041  0.1191105297  
0.4735614609  0.09067277083  
0.5005492761  0.1335305954  
0.6877555827  0.2182113703  
0.481121918  0.2844785186  
0.5220491204  0.06648275395  
0.4578237895  0.1038010828  
0.5404385842  0.1035113694  
0.5677440688  0.04228228344  
0.6465110973  0.08603507905  
0.4816605559  0.2582977264  
0.4091379899  0.1231039228  
0.4656095146  0.09202355762  
0.6138967964  0.2454966654  
0.5461568089  0.1218424827  
0.6289563277  0.1345370953  
0.5321577158  0.1711261588  
0.5202401095  0.03418404488  
0.7186826849  0.2504149096  
0.5203057843  0.2994164611  
0.5274662906  0.04025157864  
0.5195910073  0.01825967145  
0.8234749554  0.4232324144  
0.5053755656  0.4099597165  
0.620928279  0.1485551817  
0.6254407848  0.06397000172  
0.4664618575  0.2873755288  
0.5438387902  0.1343156776  
0.6796445056  0.2426337707  
0.556038862  0.1766095127  
0.5468262528  0.07367073718  
0.5540677538  0.06923388966  
0.7492786699  0.2821889204  
0.5268471932  0.3588480266  
0.7659697736  0.330373049  
0.643134955  0.3757209954  
0.7706485443  0.2460929532  
0.8346795668  0.2001036149  
0.6846837569  0.2124348632  
0.915715222  0.4192688038  
1.078142621  0.2180054032  
0.9548152086  0.347207509  
0.6795822947  0.3641479908  
0.7018911534  0.02345278629  
0.6461988637  0.1347382074  
0.7157908116  0.1941016113  
0.6657751814  0.08447093443  
0.7312602535  0.09499444745  
0.6507624622  0.1464724252  
0.8996330856  0.4070512071  
0.6843687518  0.3321231545  
0.8160062554  0.2127710683  
0.6157428543  0.4136167018  
0.7274987517  0.342530386  
0.7420862499  0.0347933334  
0.6963938404  0.05725641623  
0.8088346789  0.1491749883  
0.9259025737  0.1614721047  
0.7608162339  0.2201324803  
0.8606001077  0.1205357146  
0.7042385445  0.2540883706  
0.7395857433  0.08396664653  
0.6714814611  0.1365404689  
0.7745029824  0.1813579683  
0.6958340247  0.1299899567  
0.8717947678  0.3012581757  
0.7435748636  0.2513829038  
0.8352146266  0.1840640006  
0.7882546885  0.06357413126  
0.7631689316  0.1456543231  
0.6910496725  0.1776045179  
0.8744923419  0.2883998817  
0.6535887622  0.3608807631  
0.8237073983  0.2871966973  
0.7087124175  0.2223070619  
0.7719507854  0.1116213406  
0.8047422202  0.04400663436  
0.8300605832  0.0857440647  
0.7223858117  0.3010467492  
0.8538292644  0.1647825989  
1.129690143  0.3743864866  
1.027349703  0.1384917959  
0.9473085652  0.2106418746  
1.106465062  0.4526702906  
0.9808917275  0.2484651641  
1.077123428  0.2660016404  
0.8891076373  0.354897739  
0.9567285917  0.1079948053  
0.8386641453  0.155688085  
0.9072747796  0.1819380009  
0.9440816123  0.1413395502  
1.001489153  0.1476439859  
0.9771182337  0.0463095124  
0.9348595848  0.06866085814  
0.984193314  0.3166269291  
0.8915444434  0.1957854452  
0.9727146979  0.3098439201  
0.881267156  0.2314022246  
1.004278031  0.2616955096  
0.921053906  0.1269308742  
0.9999484692  0.1465398131  
0.8298896589  0.4274685516  
0.9391229774  0.2393816941  
0.8787911149  0.1013588347  
0.9130546824  0.1298031888  
0.9748882967  0.08978104648  
0.8611839809  0.258443504  
0.9495337003  0.206239705  
0.7994018026  0.1563127545  
0.930596723  0.1927538572  
0.7373709329  0.3469744255  
0.9545317998  0.3901248578  
0.7360623283  0.4860672752  
0.7644700524  0.1464742355  
0.8163214818  0.135896252  
0.7885115047  0.0598761762  
0.808013516  0.06504707323  
1.049965183  0.3481345087  
1.113675597  0.2927088863  
0.9291946295  0.3351434328  
0.8959527808  0.1905228876  
1.012850425  0.2215362231  
0.8203908499  0.258111099  
0.7996590767  0.045889099  
0.8904880649  0.1314537454  
0.9468069587  0.1242808485  
0.7934052205  0.2511240517  
0.903822077  0.2134236195  
0.8437608832  0.08950043394  
0.7360154639  0.3342926126  
