0  0  
0.02341717291  0.02341717291  
0.2392806761  0.2246988823  
0.224290923  0.03820326523  
0.2400370214  0.0437657804  
0.2865351638  0.07186329497  
0.3543576496  0.09343119844  
0.28328346  0.09340278266  
0.1769892344  0.1275370978  
0.221180655  0.05777608063  
0.3862746228  0.178113581  
0.3322631089  0.077515908  
0.3896566915  0.07158260152  
0.2906283324  0.1113391734  
0.3034773742  0.04859549725  
0.1921468858  0.1563488913  
0.4332756099  0.2999684043  
0.5932996932  0.1651849607  
0.06742954989  0.5984715833  
0.4261625939  0.4274839958  
0.4379795735  0.07549910639  
0.4678194716  0.04405144148  
0.559780378  0.1096890412  
0.4493356363  0.1163343741  
0.3326537131  0.1732501865  
0.5936519547  0.2968058763  
0.3099591965  0.3892019706  
0.538052558  0.2930134656  
0.4264259464  0.1411012215  
0.5358789216  0.1492888426  
0.4298313519  0.1524595131  
0.3666262498  0.07926237312  
0.3427874436  0.1167933975  
0.4305404998  0.1772351488  
0.5518522144  0.1572955848  
0.2303640318  0.4402794447  
0.4880934082  0.3519183919  
0.419909663  0.1256811275  
0.4676711182  0.0674681944  
0.7347469719  0.3539788043  
0.3849683422  0.4697840011  
0.6551265242  0.3745050734  
0.4608788016  0.2781348721  
0.6814654951  0.2919055889  
0.6289153249  0.0988977015  
0.4417113235  0.364140196  
0.7626226029  0.5297511973  
0.4906012222  0.3960387229  
0.5974791289  0.1947946784  
0.5913417694  0.02743858954  
0.6282063676  0.06417812081  
0.450336419  0.2878659008  
0.3936412485  0.1000407421  
0.4933111994  0.1361450715  
0.6730745126  0.2687842208  
0.4693746852  0.3025083125  
0.6049246606  0.2217209391  
0.5357970739  0.08418657854  
0.559848531  0.03343591165  
0.5056395184  0.1095512248  
0.7129760645  0.3134650023  
0.6628222126  0.09743739648  
0.7128375578  0.05790610144  
0.5816648255  0.1776143339  
0.5083697359  0.1204787544  
0.5741508366  0.1142545433  
0.5817236975  0.01870072513  
0.452804847  0.2152922587  
0.7012415789  0.3907712728  
0.4502147407  0.8498338796  
0.7118244997  0.8440367186  
0.7114364513  0.05784463824  
0.7064871903  0.03959633351  
0.6846207143  0.03907706731  
0.6784505437  0.04516833799  
0.5643857049  0.1723464191  
0.6972401859  0.1868228522  
0.6125926414  0.1190399948  
0.6630780069  0.08604289806  
0.5756278255  0.1275800504  
0.6326089753  0.08957076916  
0.5107519918  0.2252080731  
0.6069139764  0.1536643359  
0.7250080991  0.1935457822  
0.6046593194  0.1807431115  
0.6760328035  0.09162255671  
0.4649666206  0.2974791176  
0.6146193124  0.2328957471  
0.7818611122  0.2164330784  
0.5540421021  0.423511928  
0.6739302284  0.2361697465  
0.702219387  0.0832313013  
0.6804482669  0.03844195921  
0.6665001533  0.03441219122  
0.7308256393  0.102356509  
0.510108844  0.3766116802  
0.6945163269  0.3111241178  
0.7515305767  0.08928230736  
0.7444014544  0.0641252685  
0.7694675434  0.06629544888  
0.7021802028  0.1144393998  
0.7305903639  0.08317900447  
0.6852881416  0.06960911539  
0.4137785815  0.5293751773  
0.7203969959  0.5708014322  
0.7634942503  0.0548228844  
0.8110972129  0.06631720593  
0.6576841954  0.1942336839  
0.5973321668  0.1038583163  
0.6680014124  0.1154946096  
0.77461243  0.135478241  
0.7531871894  0.06743529148  
0.7412874329  0.04593621741  
0.5341943922  0.2948985725  
0.8247204084  0.4115768645  
0.5629246831  0.4080229999  
0.6550728956  0.2018618967  
0.4960743272  0.303933522  
0.6222729316  0.2450370563  
0.5033449405  0.2338082082  
0.4747727342  0.2251201371  
0.7932169086  0.6161047238  
0.6046635821  0.2352492743  
0.5277696806  0.1766560754  
0.7325830196  0.3281917721  
0.5566847628  0.3223741122  
0.6661651971  0.203957904  
0.7547122416  0.1142206735  
0.7849879472  0.06179990326  
0.6336960618  0.2268782572  
0.6406788947  0.04607634376  
0.7013095628  0.1669363182  
0.6638055701  0.1332270563  
0.8341146671  0.249705104  
0.733713066  0.1320804444  
0.7304657839  0.0497585539  
0.5868841999  0.2962416775  
0.5321563022  0.2265374187  
0.4857271314  0.09824241322  
0.4904856983  0.04164186373  
0.6087976833  0.2123419549  
0.6953889796  0.194455776  
0.6311891015  0.09140387645  
0.6771319963  0.10028309  
0.664095996  0.05021130914  
0.6029486275  0.2203334364  
0.6370457598  0.1947477449  
0.6964473307  0.1016960699  
0.6181823902  0.1583271039  
0.6541051727  0.08927238374  
0.6191497514  0.1457006639  
0.6786929332  0.1763040462  
0.6402137509  0.1043354292  
0.6737160182  0.07101664924  
0.5984740465  0.2537285577  
0.6460969445  0.1749044283  
0.5315464841  0.242664275  
0.6106988202  0.1626160008  
0.614559022  0.07647169386  
0.603628742  0.04784887321  
0.6568588415  0.1312497411  
0.6306791305  0.09096502226  
0.6734306493  0.05525011293  
0.6407705  0.1698483314  
0.8199613446  0.3896835933  
0.6613007576  0.2867682428  
0.6715807327  0.03825515567  
0.6727493104  0.02815097829  
0.7511649459  0.1965655633  
0.7078390128  0.08693557605  
0.8141146233  0.1450804553  
0.6841846874  0.2718111222  
0.6867798892  0.02441002122  
0.5810414749  0.1976291647  
0.7250010255  0.3405251024  
0.7444136057  0.08310353419  
0.7169920938  0.1349400698  
0.6844566518  0.1410183803  
0.7900233691  0.3418059994  
0.6928065297  0.2712785483  
0.7885019238  0.2555862926  
0.6938672445  0.3560094751  
0.7176363553  0.06599547873  
0.8537274462  0.369827833  
0.7699949873  0.1956082775  
0.7303583841  0.06058496826  
0.7276120031  0.01847650099  
0.8411796403  0.263132945  
0.7288787037  0.3055866086  
0.9412135896  0.3920515105  
0.704771211  0.6335126838  
0.7646627957  0.2438847196  
0.7339490793  0.1133718542  
0.8169764038  0.3409591218  
0.7456395917  0.2920992645  
0.8603809206  0.33029726  
0.7874267233  0.1987463955  
0.8435340618  0.1027909268  
0.8041745046  0.2186761833  
0.8259140234  0.03093404009  
0.8659768608  0.07661128012  
0.7966149955  0.08726612442  
0.9069659171  0.2877377962  
0.9245469278  0.02628206835  
0.9145766954  0.1420773326  
1.02490851  0.1677411507  
0.9407075727  0.3552795277  
0.9601649809  0.2483234033  
1.014729126  0.07338596972  
1.008296515  0.1815249399  
1.057469029  0.06158734196  
1.128752122  0.2057107066  
1.133709664  0.04818612705  
1.125824346  0.08993979289  
1.023971629  0.1881849246  
1.049038737  0.1387496921  
0.9907070982  0.2160935255  
1.125811762  0.4223758219  
1.030540792  0.3717206993  
1.14936619  0.2427975285  
1.081222239  0.2058688673  
1.08220833  0.03848938686  
1.132454095  0.2135688642  
1.149719493  0.09511846616  
1.048033668  0.4454496915  
1.141092782  0.5172541955  
1.085865069  0.2575192789  
1.183098527  0.2743080389  
1.105279765  0.3145692874  
1.173178848  0.2827266079  
1.122107921  0.1262952109  
1.159311015  0.1040616403  
1.113140834  0.1761906808  
1.181134925  0.171673134  
1.130602251  0.1105272202  
1.100409549  0.2704143783  
1.135658801  0.1878196742  
1.151498002  0.08300466056  
1.159597193  0.0603941188  
1.138883979  0.07352644969  
1.122461547  0.06063533116  
1.107489083  0.08019748972  
1.134666457  0.08908262154  
1.12058234  0.1399506307  
1.152927666  0.102406562  
1.142221241  0.1524238928  
1.191617861  0.08011074412  
1.179255089  0.0879186064  
1.123055698  0.2853157493  
1.142411849  0.1261523028  
1.138568081  0.1103132237  
1.159256944  0.06590111225  
1.148821836  0.09665512765  
1.141280929  0.05957992164  
1.101496414  0.1163031497  
1.169119809  0.2458093381  
1.098427605  0.2672291329  
1.232246214  0.4003316524  
1.106544551  0.4508629799  
1.162859594  0.2050210614  
1.165486275  0.04525083617  
1.202292766  0.08772744632  
1.134149433  0.2409888957  
1.180188608  0.2633862489  
1.123522763  0.212975576  
1.125120241  0.04938613301  
1.116540261  0.02692820969  
1.115002801  0.1327802592  
1.096318758  0.07172939739  
1.054828532  0.06016177841  
1.142719947  0.1872584337  
1.107036931  0.119975829  
1.091360082  0.1157125788  
1.069171395  0.08128121899  
1.164174615  0.2943890204  
1.061417091  0.3357494079  
