0  0  
0.03545043312  0.03545043312  
0.3225202757  0.3094572122  
0.1813851154  0.1633199586  
0.2800457703  0.1177921227  
0.2524571612  0.05880013866  
0.284834353  0.05849300345  
0.4823460679  0.2126742015  
0.2209162594  0.306955521  
0.2686732206  0.0838582154  
0.3848910469  0.1327594444  
0.3388872131  0.06929853864  
0.4092781021  0.09035860175  
0.2503589683  0.2055046523  
0.3666630433  0.1413649738  
0.3055124413  0.07831957342  
0.506691068  0.2303036149  
0.5531980156  0.05214146907  
0.2509750585  0.4403202408  
0.4836777553  0.3428583135  
0.596088636  0.1205735562  
0.6214063321  0.03845750007  
0.6237167291  0.05373596214  
0.4942415886  0.1601150937  
0.4979065894  0.03598712594  
0.6691097378  0.2133264155  
0.4420116889  0.3059534204  
0.5873861945  0.2062304623  
0.5693061479  0.05142576943  
0.6603962742  0.1099436314  
0.5480659158  0.1529648498  
0.5359818616  0.03971203746  
0.5173475575  0.05824377067  
0.6646009092  0.199573324  
0.6376971815  0.03610830333  
0.4386815388  0.4147389837  
0.6372697401  0.4319514721  
0.5621637445  0.1194764375  
0.6209048209  0.07484953491  
0.6820594255  0.1093594498  
0.4770011306  0.272716757  
0.7244813847  0.3142264328  
0.4526084071  0.3713182191  
0.6336887405  0.2513043846  
0.6349163594  0.04063934356  
0.4694566302  0.2902388836  
0.6228182935  0.2702001691  
0.5532148177  0.117867496  
0.5568480232  0.04950837279  
0.4906207195  0.1449123955  
0.5806330555  0.1492790976  
0.4835961382  0.1553116544  
0.4344908302  0.07487430731  
0.5971216224  0.2485416749  
0.7567328288  0.2150871387  
0.5190550613  0.3410993733  
0.7669636036  0.3501715836  
0.4676768599  0.4068399346  
0.5665391383  0.1876425824  
0.5633259797  0.08954882705  
0.6962904009  0.1822272335  
0.7062605914  0.03653653729  
0.7316214831  0.04594186517  
0.6560129073  0.1037137277  
0.5525385107  0.1375257848  
0.6130561402  0.1019750452  
0.6771999882  0.08494885277  
0.5159321476  0.2010547955  
0.7214103118  0.2770892175  
0.4045969904  0.7051608009  
0.6351003541  0.6154285941  
0.6702607537  0.04597242078  
0.6773948636  0.03893826428  
0.6387023744  0.09661622851  
0.7072060386  0.08420575059  
0.5238967545  0.2609001511  
0.7529154851  0.3111555437  
0.5679369905  0.2628160638  
0.7479680646  0.247718003  
0.6070969643  0.215602232  
0.692948867  0.1062508335  
0.65627561  0.05818950909  
0.7140072898  0.08746756421  
0.8334642227  0.1489398487  
0.6114696571  0.3095595915  
0.6547146964  0.07087867723  
0.5790518553  0.1624915959  
0.643511325  0.1487055401  
0.7685396038  0.2310126467  
0.5955290572  0.3083201954  
0.7446196831  0.2233859807  
0.7527619223  0.03486193677  
0.6591597289  0.1027667969  
0.7007196798  0.04751307467  
0.7002182339  0.02943783495  
0.6768325725  0.04920803191  
0.6693357387  0.05711870308  
0.8169955486  0.1931064687  
0.764541453  0.08029369016  
0.7772923575  0.04401591282  
0.7571544669  0.02834127482  
0.7303842684  0.04051125636  
0.6731022996  0.07574106981  
0.5291779755  0.3604031751  
0.7348588288  0.4423934961  
0.7806899298  0.058374525  
0.8098307971  0.05067429643  
0.6454666683  0.2003868705  
0.6876319577  0.0738896332  
0.657953482  0.08516333505  
0.7770323397  0.1511637855  
0.7597441053  0.04295993863  
0.7894907209  0.08290763672  
0.6290170371  0.2383733478  
0.7846074417  0.2058538075  
0.6559353732  0.1552110902  
0.7438265586  0.1021060485  
0.6138369958  0.155572437  
0.7990178583  0.2298832192  
0.6216270764  0.2176923307  
0.6107831056  0.3072299737  
0.8631532653  0.4929583372  
0.6358699379  0.2757248546  
0.6795609797  0.06834318091  
0.9035163468  0.2778032673  
0.6787091236  0.302540002  
0.7744151736  0.1538701695  
0.7784059112  0.0306694846  
0.8173324013  0.08094597882  
0.7157925465  0.1218450309  
0.7214501319  0.035301018  
0.7499749905  0.06369051617  
0.6325942926  0.1614068934  
0.7905713858  0.1916008681  
0.7938517577  0.03185055636  
0.8482776613  0.08377611769  
0.5999713528  0.3325306089  
0.5651745098  0.2122606039  
0.4308036346  0.2564291363  
0.4260450622  0.02657377131  
0.4330624244  0.07392242944  
0.4507144621  0.1242290735  
0.4397168305  0.04870889563  
0.4772710892  0.1056805147  
0.4448784621  0.1841130696  
0.4948321844  0.07942531285  
0.4971869774  0.1515156229  
0.5037683023  0.02347336426  
0.4320086205  0.1634749914  
0.4674047612  0.07205741192  
0.4906190536  0.06891298618  
0.5018229734  0.1385866967  
0.4671916249  0.04990915375  
0.4803924345  0.04558885515  
0.44198734  0.2982272798  
0.4572139  0.1775579815  
0.4435007532  0.09519111391  
0.4359636513  0.07179386434  
0.4475448063  0.04864877475  
0.4358979948  0.09104455226  
0.4858728002  0.1089094393  
0.4663979424  0.09187776318  
0.5278964561  0.08905882254  
0.4987065207  0.2577864105  
0.5277968808  0.2615237754  
0.4728496687  0.2035607191  
0.4986404394  0.09337557488  
0.5276745533  0.08686323588  
0.5707219372  0.2546398696  
0.5184943587  0.133467786  
0.5795452725  0.1180651147  
0.5089851895  0.2192200313  
0.5469220097  0.06631092523  
0.5357183762  0.1320230972  
0.539105918  0.08395112137  
0.5035879828  0.1265679773  
0.5476054006  0.09273848504  
0.5703340309  0.1161622555  
0.544015148  0.1721899418  
0.5616685872  0.2132240373  
0.6735829129  0.3551641482  
0.6930968416  0.4368070381  
0.6803359561  0.1407933363  
0.6365516683  0.359201965  
0.4256079246  0.3009509205  
0.5959762062  0.2094284403  
0.5729619707  0.06866027711  
0.5587065664  0.1634190305  
0.5531106688  0.1020789565  
0.5471706268  0.03096386724  
0.5276519039  0.1595295759  
0.589801035  0.1180184923  
0.5005950327  0.1486520637  
0.5646360629  0.2322537718  
0.5552115287  0.2202562091  
0.5989504736  0.2953379651  
0.5596837376  0.1877852811  
0.5821960633  0.1692337203  
0.7168458986  0.3098277059  
0.7864798887  0.2622090675  
0.7934282492  0.06085231538  
0.7680060726  0.07061334478  
0.8056226196  0.1369033406  
0.7825881362  0.03782621188  
0.7450466837  0.1055357636  
0.8073288181  0.2240450705  
0.7709249057  0.3287748271  
0.8520755611  0.2952411762  
0.8032709799  0.2665979912  
0.8352294845  0.05597882161  
0.8353134526  0.1384718822  
0.8673724341  0.2571524816  
0.888922227  0.05650568295  
0.9036476036  0.05447454169  
0.8915105938  0.2025321908  
0.9270214214  0.1624413829  
0.897450813  0.109501669  
0.9528417606  0.2662180896  
0.904022607  0.2458714487  
0.9304989173  0.111172715  
0.9506657544  0.06411884025  
0.9198928016  0.07865710363  
0.9525748113  0.1706880712  
0.9551768946  0.05624208273  
0.9536535847  0.2489957943  
0.957432184  0.1245370535  
0.9841434373  0.05098879146  
1.088378842  0.2171734415  
1.031210338  0.2765409627  
1.058014312  0.1484255228  
1.079326079  0.04453467976  
1.086999895  0.04986834655  
1.070846038  0.144388159  
1.100320168  0.1797316814  
1.088465064  0.1287522789  
1.077006925  0.1565188835  
1.119743828  0.2219395418  
1.119231656  0.04133281854  
1.155534178  0.05167212118  
1.116066441  0.05252400774  
1.13975739  0.03704388457  
1.15577017  0.03832278809  
1.135997631  0.03075038703  
1.103266122  0.07692633872  
1.103532826  0.1035356076  
1.081435689  0.175483737  
1.09575323  0.07038039111  
1.114660172  0.2255000369  
1.140937886  0.04372996902  
1.098916478  0.123874544  
1.079261955  0.05204290676  
1.103606224  0.04527846694  
1.107727848  0.1057955986  
1.157703757  0.2454316879  
1.120672828  0.1774621967  
1.161524701  0.1004062621  
1.165577416  0.070039723  
1.240700092  0.1912067558  
1.215097841  0.2390061556  
1.222210585  0.04715953529  
1.262099706  0.1405371787  
1.265670181  0.06665731056  
1.23030463  0.2581419908  
1.273306796  0.2399509157  
1.250482549  0.1473915044  
1.295650087  0.09391601691  
1.262486137  0.2140049728  
1.276768467  0.2733299257  
1.296267416  0.04010579441  
1.256187808  0.1217967515  
1.304643138  0.1569519627  
1.30088988  0.113692101  
1.324529268  0.09218921605  
1.311878693  0.06000181072  
1.350419986  0.143392361  
1.346813357  0.180307618  
