0  0  
0.04024184849  0.04024184849  
0.5005602647  0.4950345692  
0.3230789631  0.1893956567  
0.287148268  0.07442897096  
0.5040109422  0.2239139479  
0.3689963313  0.1555843519  
0.6090630667  0.2612913434  
0.4109554956  0.2081950447  
0.3182741886  0.09889126593  
0.5226245288  0.2085010519  
0.5135443676  0.05242913373  
0.6985387662  0.2038799712  
0.3280882001  0.3831333217  
0.4630819887  0.1544848824  
0.3432136132  0.1222119861  
0.5754484328  0.2366745144  
0.7141253392  0.139999319  
0.1172446285  0.6261120534  
0.4985616972  0.4091658312  
0.6718248546  0.1745438767  
0.5903204797  0.09044397318  
0.6462175183  0.08834228071  
0.399664429  0.2743560476  
0.4616663136  0.1072659339  
0.6436290417  0.1833162718  
0.2828735271  0.372474624  
0.48467638  0.2148047696  
0.4848863986  0.05731186493  
0.5531164896  0.07346036319  
0.4593801253  0.1071005569  
0.3278802216  0.139759247  
0.3884611815  0.09623730138  
0.5192589603  0.1393076494  
0.6287836206  0.1123885043  
0.2829458386  0.4143789078  
0.5804265332  0.3670925106  
0.484771865  0.1139990524  
0.5796124862  0.104582918  
0.6189182551  0.0549575294  
0.507823449  0.1268565487  
0.7824138147  0.3052631031  
0.4581196366  0.3429174723  
0.7063963379  0.2678299214  
0.7379949389  0.03852559706  
0.3278399566  0.446509743  
0.6390663496  0.3407430083  
0.4777115822  0.1766074583  
0.6561010722  0.1927766181  
0.3485885664  0.3517760575  
0.6608619982  0.3418207904  
0.422841838  0.25795006  
0.4327852488  0.02290793653  
0.5825780057  0.1770912508  
0.7428731666  0.1739715256  
0.4836001087  0.2832781066  
0.6609630477  0.190374219  
0.5693302635  0.0988256503  
0.5074391128  0.08699460181  
0.6006943327  0.1284773651  
0.735286576  0.1447955753  
0.6537550636  0.08863812338  
0.6064071625  0.06054651269  
0.5686312187  0.1143580989  
0.5247049418  0.04969120132  
0.5954953108  0.08528327584  
0.600082247  0.0486194414  
0.5352805051  0.07054914651  
0.8378951973  0.3439065733  
0.2572325095  0.9056990081  
0.6731883573  0.7391101863  
0.6482727406  0.05576049604  
0.6499897072  0.02179802352  
0.6799619839  0.04469012683  
0.7224143266  0.0540059321  
0.5034700539  0.2251802836  
0.6728815537  0.1957938664  
0.3942330488  0.2972073472  
0.6434663117  0.2607189374  
0.4504363487  0.2196632155  
0.6573199258  0.2150470119  
0.5230000933  0.1556123393  
0.650538404  0.1500728502  
0.7804008658  0.1376581188  
0.4024244439  0.4270935257  
0.4465168405  0.09657851999  
0.3257749373  0.1904500634  
0.5213298707  0.2754275728  
0.763066673  0.2594381611  
0.3321695487  0.4705907512  
0.5803167152  0.2738562094  
0.5615625728  0.06590955192  
0.5178049188  0.06372731703  
0.4637989074  0.06185165304  
0.5654882667  0.113963405  
0.4965896716  0.08437737979  
0.5079936225  0.06291476965  
0.7009235883  0.2174688646  
0.6164560171  0.09651459463  
0.6320000046  0.02879708094  
0.5186345947  0.1206510729  
0.5604036549  0.06790941659  
0.519044985  0.04250124621  
0.2767951032  0.3978081987  
0.646996499  0.5329896245  
0.7014680359  0.08168537249  
0.6993545122  0.06995272677  
0.5190117315  0.2961271609  
0.5933818274  0.1466430816  
0.7064026297  0.1300409725  
0.7587593654  0.07645502705  
0.6751903566  0.09704281527  
0.6955224516  0.0888532564  
0.5569475468  0.1619555645  
0.8023683494  0.2839689731  
0.6159467418  0.2033882164  
0.6441572626  0.04635668315  
0.5727251042  0.08625601937  
0.8272338954  0.2820247112  
0.6053068541  0.2423759954  
0.3633406543  0.3970017235  
0.7406453226  0.5558910129  
0.6377284128  0.1628976958  
0.5190526784  0.1487458761  
0.76568584  0.303556556  
0.6250439951  0.1798699668  
0.6590324015  0.09386479704  
0.6686090636  0.03094744061  
0.6467489869  0.05910688262  
0.7317508631  0.1034629615  
0.6729754317  0.09085207272  
0.6614869843  0.07034505257  
0.5117861631  0.164517746  
0.6574913581  0.1727266988  
0.6364063942  0.03168321157  
0.7989423802  0.1767576795  
0.492111331  0.3460812672  
0.3530812914  0.3213240446  
0.1992541558  0.233703206  
0.2327707213  0.03896872214  
0.2667712579  0.07411772695  
0.2582355123  0.1544920146  
0.3372589103  0.1037943906  
0.3481694496  0.02867845765  
0.31859096  0.16991126  
0.3019999312  0.09135265945  
0.3347768055  0.1342802514  
0.3698464874  0.1480369017  
0.4547059651  0.2157057134  
0.4327096911  0.1151864448  
0.3909728754  0.1434256742  
0.4524328795  0.1776017323  
0.3460999012  0.1547902964  
0.3218941181  0.06969034017  
0.2657418263  0.1483583199  
0.2922845693  0.09735968395  
0.2787566973  0.0691020499  
0.2966139156  0.1988420626  
0.3259076615  0.07387174335  
0.303985217  0.2313434413  
0.2578076364  0.09987694535  
0.3691846816  0.2340246409  
0.2876761113  0.1477025632  
0.3082846607  0.1175746393  
0.4474460936  0.3698026983  
0.3087318588  0.2773360864  
0.3418717686  0.05995688847  
0.357001874  0.1068815551  
0.4320903481  0.2823424753  
0.3993279796  0.1377615701  
0.404528946  0.04869832646  
0.389494292  0.1258108713  
0.4581474579  0.2401163355  
0.4007511378  0.2046313914  
0.4246655173  0.1604998765  
0.3718402163  0.1717965064  
0.418101036  0.08606693574  
0.4476090979  0.08946493769  
0.4871433576  0.1853970484  
0.500184019  0.3417109241  
0.5424352656  0.3790429867  
0.4976717725  0.3977493559  
0.4130984722  0.1695757592  
0.487536319  0.2769333007  
0.4863031979  0.1413016731  
0.5151975209  0.06536227062  
0.4665602878  0.1047635872  
0.603944601  0.2856567078  
0.4302361854  0.3513089321  
0.4042315348  0.08959854082  
0.390738844  0.2479934751  
0.3767461785  0.1885649702  
0.4055781813  0.1598487195  
0.4116192888  0.1997752128  
0.3874147557  0.1064056888  
0.5049288423  0.2991774573  
0.4898685958  0.1184719008  
0.4867824347  0.03589304236  
0.4457818768  0.3654543559  
0.4094415346  0.1628935519  
0.3973073281  0.04602438397  
0.448114949  0.0913842148  
0.4596763854  0.08626369677  
0.5112364843  0.1174422696  
0.3950751059  0.2035527526  
0.4373410014  0.1207950687  
0.3393072221  0.2992637892  
0.4516837481  0.3472004261  
0.3627592574  0.322520479  
0.3563725881  0.02040605058  
0.3642267849  0.04830733958  
0.3720150334  0.1503618873  
0.343570271  0.06392989202  
0.4260136881  0.2041352395  
0.3448371249  0.1581675233  
0.4122632186  0.143166965  
0.3950172913  0.1349370729  
0.5633170098  0.2861984415  
0.4488097599  0.2985315458  
0.4992848934  0.1216262042  
0.483801506  0.1303691597  
0.4959143084  0.04423445831  
0.5348116929  0.1561630293  
0.5184753115  0.04695694575  
0.5010637858  0.238807456  
0.5128531324  0.1425300114  
0.519979712  0.05695425954  
0.543033244  0.09856677193  
0.5081588609  0.2147872601  
0.5809315726  0.2317300005  
0.5328254634  0.170127458  
0.6257561239  0.2290514333  
0.5181623796  0.2068769896  
0.5658314828  0.1000787846  
0.5535052315  0.2063960518  
0.5396289127  0.0366397561  
0.5092563913  0.0530983439  
0.5379013468  0.1488700099  
0.4983783708  0.05147319568  
0.5184415083  0.06620968955  
0.4772563905  0.06260215078  
0.4819626255  0.07196147806  
0.4888113116  0.084753233  
0.4615747626  0.1720332462  
0.4421778059  0.1278820995  
0.4856007756  0.1152616817  
0.4386861318  0.0737865085  
0.3779852777  0.3277638211  
0.3232115383  0.08344856951  
0.2694790052  0.08195937128  
0.2499970598  0.1173590965  
0.2071348608  0.06738746596  
0.2030692737  0.2078644971  
0.1977754857  0.22309571  
0.1970841759  0.05467098421  
0.2328586782  0.06424871969  
0.1713030044  0.2090992856  
0.385548649  0.3992202481  
0.1808425366  0.2610565418  
0.185974216  0.1266944332  
0.2582429485  0.1963329376  
0.3528167659  0.1214323509  
0.1838515671  0.2923980485  
0.2054059235  0.120464814  
0.1626317523  0.06051230838  
0.1612264309  0.1216711685  
0.1366784443  0.04472549268  
0.1728839706  0.175045451  
0.1506747709  0.1425445906  
0.1440138893  0.03900251113  
0.2475619419  0.1540781694  
0.2097022795  0.07852492961  
0.1418422631  0.2136998562  
0.1467088718  0.1260977822  
0.2116306813  0.09950015994  
0.1981400564  0.02772024623  
