0  0  
0.08345484999  0.08345484999  
0.4247475759  0.4291633093  
0.2913767156  0.1492923536  
0.2271598905  0.07049475031  
0.4075052657  0.1873249442  
0.3141905515  0.1180894014  
0.4985168685  0.1948560857  
0.3482355585  0.1571894084  
0.2640180792  0.1053356909  
0.5072204685  0.2714660808  
0.4530269489  0.07647439412  
0.5763371005  0.1371068621  
0.3435166479  0.2640699739  
0.4626122189  0.1421595531  
0.3731763357  0.1260544475  
0.6043310461  0.2582688118  
0.7498884796  0.1778233759  
0.1670230815  0.7453420113  
0.4695418584  0.4453457907  
0.5265747957  0.06926300843  
0.6150470182  0.1093173779  
0.6623113319  0.09079257715  
0.46836504  0.2294301467  
0.461743499  0.03141103874  
0.7020617485  0.2792086747  
0.4808840915  0.2897785902  
0.5280081533  0.08926032195  
0.5335980262  0.04340687845  
0.6621634736  0.1752304706  
0.6735213661  0.05456462504  
0.6154057842  0.2890414364  
0.6220979618  0.145718651  
0.7786681385  0.1865349825  
0.8263910024  0.0514770179  
0.512686089  0.4933834855  
0.8373385565  0.525419391  
0.7019631013  0.1749210083  
0.7832638808  0.09436599425  
0.9026680222  0.1568988227  
0.770014464  0.1911062991  
0.9458884305  0.2368280693  
0.7224840914  0.4290798915  
0.9005274408  0.3357302971  
0.9417840187  0.06779381044  
0.6426887952  0.5245272343  
0.9564318054  0.5283127575  
0.8095872642  0.1778489342  
0.83064782  0.1160377365  
0.696334413  0.2738492689  
0.8346321392  0.2228467472  
0.730849786  0.2685747233  
0.4528544569  0.3556067633  
0.6379178471  0.3564024053  
0.837421654  0.2349001251  
0.5303614156  0.376163697  
0.718460657  0.2198342411  
0.6992248194  0.1054046775  
0.6946805132  0.2104912378  
0.778612353  0.176669472  
0.830850812  0.08267108803  
0.7679764285  0.1400354057  
0.8048303295  0.04997661191  
0.6903625456  0.1201714994  
0.705680282  0.03300026629  
0.7921244499  0.1176388333  
0.7602203952  0.040139248  
0.731451589  0.2174872753  
0.9477481735  0.3337717491  
0.6133190367  0.8681592762  
0.8695409436  0.7096338048  
0.5129809012  0.5044984805  
0.7703667849  0.3335388787  
0.824707115  0.08601453483  
0.7956485946  0.04888906915  
0.7454485322  0.07855742921  
0.7968273347  0.08703465747  
0.6204917784  0.319916677  
0.8215811803  0.2776884769  
0.7606677163  0.06475539749  
0.9918424758  0.2453469759  
0.8687141464  0.1391438784  
0.8848316517  0.03072308927  
1.02027658  0.2299243074  
0.7963578141  0.4030888222  
0.9068625248  0.1896512084  
0.7650320243  0.3382463291  
1.002244946  0.4125914828  
1.108381818  0.1638167173  
0.8419865046  0.4218403379  
0.977406987  0.2300394426  
1.064703515  0.1195922858  
0.9313061725  0.190113807  
1.0087865  0.1149450252  
0.9756542329  0.04630972376  
0.9461606845  0.07210902469  
0.9874891468  0.07229422384  
1.188982029  0.2314037984  
1.190643947  0.09902054657  
1.180600586  0.04495035314  
1.23094773  0.09490471001  
1.231763974  0.1312074803  
1.186827052  0.07299513265  
0.9133229305  0.5198635187  
1.064385718  0.5306082186  
1.098763391  0.07037907255  
1.110179157  0.04956573307  
0.9055513842  0.3410752898  
1.052277634  0.2138095099  
1.125895431  0.1027280794  
1.161645832  0.1099073937  
1.141409906  0.1704670844  
1.194136339  0.08218102668  
1.069268937  0.1918340612  
1.184399607  0.2260534281  
1.111989446  0.240245694  
1.174547182  0.1503113797  
1.199311919  0.09358866631  
1.231393898  0.1607973234  
1.202192724  0.09786916607  
1.001750943  0.5109781335  
1.2532918  0.6142942206  
1.208981786  0.2381410488  
1.225414286  0.05738554845  
1.468773083  0.3914449214  
1.331040188  0.277231938  
1.401822528  0.08968083249  
1.432473188  0.05141386865  
1.39947416  0.07974709417  
1.417466046  0.03338753603  
1.375374703  0.06725621944  
1.363397184  0.04793046066  
1.319900341  0.1450354957  
1.401359208  0.1927065795  
1.369155368  0.1127753392  
1.527911004  0.2254950224  
1.344876702  0.342816624  
1.275080627  0.3380488893  
0.5334968772  0.7778881814  
0.5972856404  0.07334911448  
0.661008856  0.08564460538  
0.6605737256  0.1425537044  
0.6675551139  0.1087719965  
0.6956953832  0.05922381465  
0.649101842  0.1389422096  
0.6685932992  0.07716286581  
0.6783952627  0.03440868077  
0.7195102939  0.1164307182  
0.7454226746  0.05336860543  
0.6968567169  0.07129406109  
0.7490975332  0.1232251047  
0.7321733968  0.1914867537  
0.7618601492  0.1115466632  
0.7671365403  0.04577238582  
0.7215237374  0.2693579934  
0.7816617432  0.3065040912  
0.6924429184  0.1712303831  
0.7349032778  0.2108542312  
0.758470851  0.05545768356  
0.779605448  0.1760456054  
0.7953289387  0.06602317797  
0.8378966094  0.1959824687  
0.8407756797  0.09314708376  
0.8171987785  0.2190691364  
0.8798383011  0.3894785078  
0.7964149153  0.2739111954  
0.8544777959  0.0747622496  
0.870858694  0.06379079243  
0.9379315236  0.3262888664  
0.8672354877  0.1888752458  
0.9137583511  0.06554945911  
0.9092089027  0.171541591  
0.9088561201  0.1615943443  
0.9357413485  0.2502878644  
0.5470512681  0.4344848945  
0.5673879234  0.2371317789  
0.6755888195  0.1246087861  
0.6635860652  0.1052923197  
0.7525535787  0.100864461  
0.7553576359  0.1601832017  
0.754088203  0.2414364404  
0.7779155332  0.4112898063  
0.779519339  0.1485351171  
0.8312313749  0.3726113486  
0.8179734759  0.0806945924  
0.8054914493  0.03571106754  
0.8860858638  0.2225544057  
0.9473208262  0.3597686367  
0.8979092542  0.3442300344  
0.90955469  0.0565721083  
0.8904164253  0.1617987253  
0.9378438725  0.1032420542  
0.9282892509  0.1182576789  
0.9435557268  0.2071270256  
0.9566016525  0.2110125074  
1.00048931  0.3378676832  
0.9695520579  0.09902900209  
0.9803958113  0.04716573746  
0.9878961712  0.3271364422  
1.035840983  0.2332843654  
1.027000892  0.04270704085  
0.9972692784  0.0513761855  
1.034815777  0.1347761362  
1.082529863  0.2018900447  
1.029602268  0.2142040469  
1.051675486  0.1446709713  
1.046200161  0.3641407819  
1.038500732  0.3625031916  
1.018048234  0.2472659433  
1.048134328  0.07590778267  
1.033544119  0.05111518157  
1.046231696  0.2385627902  
1.065422237  0.08034505938  
0.7147771668  0.4038452049  
0.2920436611  0.4983299355  
0.2827715811  0.2457725816  
0.2566112328  0.1696597069  
0.5193454361  0.4227658707  
0.3565282851  0.37473174  
0.3540234452  0.1029269877  
0.4401697562  0.1575629222  
0.4386262195  0.04083760137  
0.4620352367  0.1427229938  
0.5017838234  0.05222789018  
0.3636083491  0.3004375018  
0.4417149885  0.150195367  
0.4705362833  0.09650382949  
0.5056783601  0.07481455611  
0.4446357389  0.1880899424  
0.5250771161  0.2406094441  
0.4462765012  0.2675670761  
0.5538370502  0.2938071565  
0.4338177394  0.2974284996  
0.473472062  0.2113654997  
0.4570039828  0.1775155667  
0.4592238143  0.1543534859  
0.4799887377  0.1078887149  
0.5115363396  0.1753508823  
0.4426155575  0.1247052811  
0.4929076927  0.1398789531  
0.4904966443  0.1404199968  
0.4333143242  0.1397046152  
0.4848637117  0.1029206627  
0.5154162053  0.1513330791  
0.4661542593  0.09880165513  
0.5449367451  0.1789587675  
0.5580626473  0.09094597648  
0.5033135288  0.3709317635  
0.5035150652  0.04117480352  
0.5302714771  0.1315195667  
0.5326470382  0.09031221423  
0.5159898242  0.1138670107  
0.5050176609  0.1126459563  
0.5401097808  0.2157112735  
0.5467383496  0.02453828145  
0.508936479  0.06133981652  
0.5643475788  0.1721515622  
0.727659477  0.4798209602  
0.5488364072  0.331842534  
0.5977955438  0.1332938603  
0.6220375655  0.1361992373  
0.6777909685  0.155043368  
0.6617119244  0.1926107921  
0.6588813406  0.1492282429  
0.6592646959  0.1820754078  
0.6850119045  0.03897154705  
0.6305645341  0.1132907575  
0.7116765552  0.2845460456  
0.6993287577  0.1441921948  
0.5367033862  0.2038505515  
0.6138256159  0.285995692  
0.4935787908  0.181897264  
0.4385830355  0.2380477104  
0.5401494057  0.125148964  
0.5581326256  0.2006642254  
0.4666658591  0.1450079841  
