0  0  
0.03306559509  0.03306559509  
0.382372873  0.3876436549  
0.3301275348  0.05580257169  
0.4676157006  0.1607182832  
0.5642933649  0.1084296375  
0.3564557651  0.2514898825  
0.5927436557  0.2738598327  
0.3431580927  0.284382423  
0.3522268697  0.04306642557  
0.5599536469  0.2267610829  
0.5395804715  0.05571417286  
0.5847191148  0.05909825053  
0.3554097757  0.2826153261  
0.4733636529  0.1460528772  
0.4177905607  0.06076506968  
0.6771806026  0.2708951092  
0.6355970773  0.04569713607  
0.2409574498  0.6828889412  
0.4799580145  0.5052205686  
0.5490951193  0.08764156821  
0.510367951  0.07461237893  
0.6019757268  0.1327955342  
0.3729273544  0.2903718085  
0.406225541  0.1772249259  
0.6342533524  0.2325923317  
0.4443099117  0.2002384493  
0.5689083259  0.1371527802  
0.5670932108  0.02277092241  
0.592453982  0.07122695483  
0.5398235538  0.0719082725  
0.4340302786  0.1968835351  
0.492574512  0.1747007434  
0.6697696069  0.2052143763  
0.634804911  0.1126308778  
0.3054149281  0.5917489617  
0.6203432804  0.6073346606  
0.497128123  0.1642193136  
0.5986172515  0.1186186639  
0.6575249901  0.1103806607  
0.6317050993  0.0475324787  
0.7649960464  0.1377786719  
0.5248918022  0.2796145986  
0.758729038  0.2530556549  
0.6973540955  0.07105423436  
0.4452658584  0.2776939601  
0.8579401702  0.4626964662  
0.573465361  0.3114526599  
0.7262445598  0.1797417392  
0.4960263641  0.2528032312  
0.5511481104  0.09050579699  
0.4876944217  0.06951706138  
0.2944098096  0.3104114873  
0.5374178309  0.3674052413  
0.7559291585  0.2600678458  
0.4975432168  0.3353371973  
0.7800289016  0.3362606648  
0.6692006415  0.1160873257  
0.5676722471  0.1661882917  
0.7076420703  0.1912393209  
0.7335078139  0.07858674883  
0.5901556594  0.1509447077  
0.6539780104  0.07425136276  
0.5391907881  0.1607712986  
0.5881400976  0.08638028867  
0.6298220752  0.06985172978  
0.591682371  0.07406048647  
0.4392385294  0.1790530716  
0.6845790322  0.2590352232  
0.3117480554  0.7988242686  
0.5737199043  0.6832375923  
0.6391507314  0.1198669882  
0.6664712845  0.05390692905  
0.7045526101  0.06461353946  
0.6156085022  0.1067507121  
0.528134647  0.09982909976  
0.6592199312  0.144100019  
0.5329487021  0.1564368365  
0.649568533  0.1365367718  
0.5892874099  0.06751130998  
0.628039536  0.05565487927  
0.6632231829  0.1300722746  
0.6292484754  0.0489785691  
0.7838005003  0.1710301252  
0.4493946294  0.3891152307  
0.6252419391  0.2141912075  
0.347558785  0.4122409449  
0.5311442027  0.302635779  
0.7061293836  0.2172820428  
0.4311496055  0.3037682289  
0.6469496638  0.2446844341  
0.6784690853  0.068862433  
0.5605977784  0.1395123933  
0.7124546884  0.1751944163  
0.5655796829  0.1995707566  
0.5302851057  0.06267216205  
0.5172885281  0.06124547511  
0.664534586  0.1621437967  
0.6315282512  0.0695154342  
0.7685590271  0.1489108388  
0.658146889  0.1371827609  
0.7147675727  0.07022328421  
0.6237866681  0.1192140663  
0.3958309946  0.4343548622  
0.7804731911  0.5991178694  
0.719244211  0.08544393258  
0.7599579423  0.06486063438  
0.5098613248  0.3263524748  
0.7284405223  0.2775808883  
0.6752792024  0.1155776884  
0.7304622757  0.09711094594  
0.7080581733  0.07270317659  
0.7740611702  0.1225496506  
0.6109660379  0.2099241126  
0.8092297595  0.2450482444  
0.6623171951  0.1634177784  
0.7972797037  0.1975383303  
0.6986066959  0.1191793345  
0.7535120804  0.06565363144  
0.7249265505  0.07222482181  
0.4907688209  0.5169926752  
0.759627302  0.5254123824  
0.6830369696  0.1235256831  
0.6801561887  0.06514440596  
0.8847070479  0.29853894  
0.6919779981  0.3017212602  
0.7646001682  0.1331790162  
0.8135192604  0.07599458412  
0.7943943837  0.05911923809  
0.7981363544  0.05212185632  
0.7555201029  0.1398098865  
0.7551032786  0.06800521084  
0.695094386  0.082062824  
0.8199925386  0.1985880639  
0.8847940865  0.1446313132  
0.8929267366  0.07459436761  
0.7230911867  0.2515215453  
0.6706060082  0.2722923575  
0.503401805  0.3385518008  
0.5431678356  0.05733743589  
0.6465065755  0.1736437331  
0.6721893118  0.1742779192  
0.6163404731  0.1041126595  
0.6704323654  0.1272020156  
0.5946613233  0.2350152172  
0.563733591  0.04940066493  
0.632020128  0.09303728046  
0.6109384775  0.0535978361  
0.5833660061  0.08337628806  
0.6664628741  0.1682198761  
0.5990962714  0.1115570134  
0.6053020173  0.08755695581  
0.6083276349  0.02321294742  
0.6247239171  0.08945471173  
0.4808407815  0.2213001299  
0.5563032422  0.1436369254  
0.449988568  0.2756989938  
0.5027594573  0.06810943548  
0.474188797  0.03907200353  
0.4918347238  0.1113255706  
0.4932796919  0.02660480445  
0.5357409275  0.06646298127  
0.5182090218  0.1633200589  
0.5321658527  0.1004806454  
0.6908607297  0.2952588415  
0.576853234  0.2736108388  
0.6089388674  0.1175318462  
0.5833956736  0.0725105983  
0.7580931097  0.3865570929  
0.6071689159  0.3378164581  
0.6137514093  0.1519325645  
0.4700491476  0.2229528467  
0.5042716524  0.2039452212  
0.4303124432  0.1275136142  
0.4852275934  0.2473964013  
0.447117353  0.1759374703  
0.4638765201  0.04409315148  
0.4889460162  0.05784093606  
0.5241974352  0.2051577582  
0.4776549826  0.1952490883  
0.5519302213  0.263400839  
0.4748197857  0.3794041782  
0.4949358064  0.2120756404  
0.6135967861  0.2453487339  
0.5039131423  0.2182010615  
0.5613858801  0.09378218853  
0.5452488558  0.04866414832  
0.6178097742  0.1345051804  
0.5573069581  0.1898035825  
0.5817815696  0.1053509835  
0.4908297286  0.2827541465  
0.5281145908  0.2161355891  
0.5113272278  0.110670527  
0.6005669999  0.1700907823  
0.5322411924  0.1696794574  
0.6353436264  0.3252064958  
0.5415811741  0.296785705  
0.5686027509  0.1720603261  
0.5582979797  0.3831964  
0.5492226316  0.2297398181  
0.5253819676  0.07134345933  
0.5860963388  0.07993163849  
0.585476943  0.1683297861  
0.6284355762  0.09519638971  
0.6208818368  0.0730075613  
0.6571065059  0.1278956955  
0.56779285  0.2546384004  
0.5756491868  0.158909701  
0.6005491915  0.1841322242  
0.5648294618  0.1618476642  
0.5660742374  0.09743697877  
0.6111099265  0.2262505179  
0.6246816912  0.14575533  
0.6474938247  0.07804917677  
0.6000647066  0.1434254318  
0.6323752473  0.1227188783  
0.6126008266  0.09702051539  
0.6948071957  0.2820085458  
0.6379159639  0.2740494361  
0.6278071799  0.08828568977  
0.6264596354  0.0415497697  
0.6274939243  0.04656947306  
0.6920875846  0.1252097303  
0.644915899  0.07021333471  
0.6388765427  0.3884313167  
0.6369041798  0.3210744076  
0.6471512503  0.1068977475  
0.665388863  0.0618725931  
0.6364359461  0.2021235099  
0.6663413795  0.2619411083  
0.6225767425  0.1513876817  
0.634410757  0.143417191  
0.6264240379  0.1965518006  
0.6722332383  0.1344928766  
0.6204978353  0.1323971979  
0.5610354488  0.1202436827  
0.5678170046  0.113394657  
0.6029332442  0.05385846423  
0.6146287397  0.06174290356  
0.638560367  0.08917855859  
0.6611434224  0.2774530336  
0.4565256882  0.317844311  
0.5141189988  0.2505839823  
0.4819945032  0.1581698231  
0.511487689  0.1235023166  
0.5364146385  0.0577043228  
0.5549588908  0.1651761013  
0.5210649743  0.2603524075  
0.4777296512  0.05575952921  
0.4822968208  0.0536072618  
0.5237826921  0.08425712748  
0.5549927583  0.04375167963  
0.5152839299  0.1191625992  
0.6028217344  0.1999866518  
0.6506252356  0.187946391  
0.7064816066  0.1761010637  
0.6855540058  0.1887655856  
0.7658136782  0.2967941449  
0.5881659919  0.4432995038  
0.5958245371  0.151444068  
0.6916168178  0.1371866474  
0.6969536839  0.06817423199  
0.6381823859  0.1551930801  
0.7264770632  0.2115646909  
0.6606034973  0.1018338136  
0.6591430575  0.06644004125  
0.6310749017  0.05806118792  
0.7321466952  0.2531984901  
0.6723955438  0.12239496  
0.6919263703  0.1515466333  
0.7710589873  0.2068599151  
0.7555353557  0.07384807069  
0.6945988494  0.172841042  
0.7317113585  0.1107181635  
0.8227092493  0.1668902078  
0.6298915925  0.3183059362  
