0  0  
0.04048866874  0.04048866874  
0.463822311  0.4629148551  
0.1231189163  0.377633305  
0.2050810242  0.105795161  
0.5424969476  0.351578296  
0.3702373045  0.2084278898  
0.6100881121  0.2721782381  
0.3388747342  0.3124213199  
0.3412814294  0.04481772446  
0.6301402115  0.3134942023  
0.5286768476  0.1103979379  
0.554368422  0.04055091909  
0.2968238257  0.2830518303  
0.4022557842  0.1213830784  
0.3949450176  0.07755148411  
0.6341817551  0.2454831618  
0.7964073245  0.1710291517  
0.2343343323  0.6912661779  
0.5099123378  0.3791558693  
0.6969486697  0.1993454312  
0.7459600482  0.07878233322  
0.5962149168  0.1627291671  
0.635539348  0.07497267965  
0.5333635811  0.1204949756  
0.6697490961  0.1537241341  
0.5114774727  0.1775265094  
0.6004378677  0.1184903484  
0.5946874241  0.03774945833  
0.7172092975  0.1296158287  
0.6329897709  0.09556091032  
0.485876996  0.1602372277  
0.3988241134  0.121920097  
0.6471617996  0.2788089148  
0.6907017561  0.05922380075  
0.2791442014  0.5005143937  
0.7720818485  0.5847164718  
0.5272427798  0.2766506026  
0.54923681  0.08522160387  
0.8943303221  0.6085140979  
0.7517451013  0.26694753  
0.9880348964  0.3336715364  
0.5573276335  0.4445203012  
0.8570565032  0.3802476506  
0.8017656073  0.1328424155  
0.563145489  0.3584230954  
1.02144693  0.591833353  
0.886864716  0.2054690432  
0.8567079184  0.04047596288  
0.8686657637  0.09819663647  
0.8695883022  0.1774375617  
0.7690996681  0.2098021287  
0.8230473884  0.161968182  
0.9082891222  0.2811444985  
1.156925531  0.4520948951  
0.8453231682  0.415785072  
1.087719074  0.3554415344  
0.8790963991  0.2365246435  
0.9517742399  0.1806211183  
0.928902318  0.1250773221  
1.100052136  0.2225323477  
0.9983225125  0.1252833498  
0.9863144937  0.1348048871  
0.9270145688  0.09497262045  
0.8907564486  0.1179370015  
0.9804975012  0.1729506883  
1.027137079  0.06710000604  
0.8682839991  0.1850105677  
1.018563486  0.2123284515  
0.6091764831  0.7904751829  
0.9943521829  0.7261000602  
0.9450423217  0.07249577101  
0.9423023976  0.07400030568  
0.9962424761  0.08745875419  
0.902225063  0.1155098777  
0.9021636485  0.03492648611  
0.9398320641  0.06148154208  
0.7313505527  0.2408818122  
0.8993883138  0.2041465956  
0.8120949643  0.1093308004  
0.7639720455  0.2670289151  
0.7546201062  0.1200220511  
0.8012652562  0.06431908739  
0.9157841011  0.1678014602  
0.5777836151  0.4141627436  
0.718477378  0.1973564316  
0.6009564641  0.1927670623  
0.7370219127  0.2004898724  
0.9285617359  0.2368418204  
0.6659018458  0.3079588765  
0.8161626195  0.1687600645  
0.9378175691  0.1904930646  
0.7219605237  0.2504050913  
0.790107224  0.08821806112  
0.7796044319  0.05471540873  
0.7644464442  0.09730992385  
0.7842025493  0.04616041758  
0.9663753315  0.2120354403  
0.8235479891  0.1719155254  
0.9672752078  0.1789504642  
0.7957591923  0.1993166226  
0.9042052998  0.1381577755  
0.7899887756  0.1533756398  
0.493221697  0.4193068157  
0.9468795198  0.5973663482  
0.8812861223  0.07655387469  
0.9331058503  0.0640085404  
0.7272245007  0.3445823171  
0.8193349034  0.1397849521  
0.7861731166  0.050424368  
0.9333942752  0.1705768989  
0.8409283393  0.112294365  
0.9553080267  0.1538710652  
0.6697417965  0.3268783491  
0.879869208  0.2371652006  
0.682816477  0.2580365166  
0.8773946602  0.2566138555  
0.7018593838  0.2023153394  
0.8771516434  0.1960098096  
0.7961907291  0.09487950621  
0.5087066243  0.3944106571  
0.9458300226  0.5590841393  
0.6758222745  0.3089699571  
0.7569212602  0.1200362373  
1.02061902  0.2920959391  
0.7178351957  0.3316860712  
0.847636352  0.1481289753  
0.8797825845  0.0380833949  
0.8837165164  0.02781591026  
0.9066524437  0.03724090792  
0.8501487536  0.06552874943  
0.8402874492  0.0390393558  
0.7041672063  0.1598879667  
1.00546733  0.3421398624  
0.8493365931  0.1986586601  
0.9694456606  0.159486259  
0.6135035782  0.4133845955  
0.5307530194  0.2033680921  
0.8184943594  0.5738752117  
0.8158988438  0.009609495446  
0.8770355159  0.0820160272  
0.8696898331  0.0961293681  
0.8940252195  0.1410005695  
0.9260243422  0.1056330998  
0.8835538633  0.2201883505  
0.8251955021  0.07690132506  
0.8525828193  0.05487898946  
0.8532234668  0.1224113749  
0.8319602518  0.08824418149  
0.8282038374  0.06443113016  
0.8189212406  0.09159913455  
0.8563062337  0.1799286149  
0.8195338257  0.1333382056  
0.8335737326  0.04785424149  
0.7759569865  0.2339075036  
0.8351029042  0.2991727361  
0.7548457612  0.1966247713  
0.7564223969  0.1259942877  
0.6972329342  0.09023503402  
0.7160165202  0.1070505256  
0.7017373094  0.05682372956  
0.732996336  0.1889476954  
0.7591129033  0.1533857  
0.7249995526  0.1831883803  
0.8577298925  0.4875173337  
0.7169268031  0.3682680447  
0.7292851073  0.06034248505  
0.723915074  0.08458833014  
0.8215272747  0.2860219102  
0.6836748868  0.235813497  
0.7635800216  0.1175147587  
0.6710419021  0.2451445076  
0.790330914  0.3558243026  
0.6906806364  0.1669335797  
0.778922269  0.199030287  
0.7476648533  0.1741672557  
0.7629420506  0.09197187137  
0.7308566983  0.09066195787  
0.7473343336  0.0600018001  
0.7329391719  0.1034107334  
0.8114610671  0.2389226916  
0.7621308234  0.4785538429  
0.7350986608  0.1995372654  
0.9038524719  0.3633310144  
0.8177834844  0.1639345196  
0.8354706973  0.04515743836  
0.809242156  0.121825998  
0.9363111278  0.353548178  
0.8202307228  0.3296904056  
0.8511507897  0.0771100399  
0.790469255  0.256291288  
0.8182075  0.1549507594  
0.816909902  0.0826066292  
0.8771447361  0.2358592657  
0.8472451613  0.2488948345  
0.9274090369  0.3338445492  
0.8705442007  0.1645866452  
0.8672301924  0.08554617564  
0.8384965653  0.3926014546  
0.8749086774  0.2694389241  
0.888624713  0.04142741947  
0.8396078228  0.06119342445  
0.897545158  0.1268636571  
0.9438214493  0.2044516492  
0.8689973369  0.1623895481  
0.9276874705  0.171542411  
0.8241823289  0.4402891215  
0.8550282828  0.3350421295  
0.8464325719  0.2122974301  
0.846259211  0.04039614095  
0.8452049159  0.06985109707  
0.8826609654  0.2661263038  
0.8684270407  0.1384504535  
0.940903456  0.2776147724  
0.864916145  0.4010711064  
0.909497599  0.1833086785  
0.8792268496  0.09532650929  
1.021655955  0.4279425074  
0.8695103925  0.3801197759  
0.8826952361  0.1353036517  
0.9081010506  0.06776560648  
0.8566687665  0.0813852798  
0.9361333563  0.1981933817  
0.9531515487  0.04502497847  
0.7984748417  0.3964125778  
0.892769512  0.2816834701  
0.8894141781  0.1043788531  
0.959751484  0.147028  
0.8850738557  0.1309477721  
0.9563299559  0.1820439314  
0.9227593254  0.1481376008  
0.9621418584  0.1455628404  
0.8844248755  0.2564634349  
0.9843134136  0.2948741773  
0.9294075661  0.221583647  
0.8917469612  0.2171331031  
0.9413280571  0.2232206761  
0.9495246047  0.1349379879  
0.9453292258  0.1053732635  
0.9658836512  0.08110723116  
0.9244253312  0.09841467652  
0.889619779  0.04635073493  
0.9646890612  0.1563889675  
0.9362675189  0.2420988288  
0.9469640289  0.06633088907  
0.9941037542  0.1350074361  
0.9966686789  0.1706605335  
0.8945778978  0.3308925421  
0.92491474  0.04402536677  
0.9764086156  0.09383630013  
0.9665116519  0.09304658206  
0.9515298914  0.06033042586  
0.9375146369  0.1565840108  
1.014487605  0.200152801  
0.9890752278  0.0378587648  
1.000410962  0.03407947586  
0.9710302324  0.2018491468  
1.101261043  0.4547004909  
0.9368302777  0.3988572783  
0.997650964  0.1027622166  
1.011521649  0.06795677215  
1.072516153  0.1791616597  
0.9857812036  0.2703365233  
1.066078779  0.2720403797  
0.9633560353  0.2831309232  
1.032538959  0.07648740772  
1.002498155  0.04663304454  
1.06556892  0.2877297128  
1.05238032  0.136067926  
1.02694602  0.06061550539  
1.102594457  0.1621362479  
1.062383105  0.0413667873  
1.012767927  0.206252644  
1.062523101  0.06023998489  
1.107071904  0.1208483196  
1.002226389  0.1444863327  
