0  0  
0.0203570154  0.0203570154  
0.2866312517  0.2885265149  
0.2259522404  0.0774235468  
0.2657898842  0.04731309789  
0.3204758155  0.06369196142  
0.2014977897  0.1312208238  
0.4001079654  0.2022492105  
0.1997054765  0.2069213706  
0.2901718632  0.09954759708  
0.2822118228  0.03352444388  
0.5604528662  0.2907694221  
0.353056506  0.2202647916  
0.2185491121  0.1490291064  
0.4392581573  0.2311244373  
0.3118530847  0.1626681557  
0.5716886159  0.2750778739  
0.6156390131  0.06352973134  
0.1761389861  0.501382134  
0.3908645492  0.2621283046  
0.5983187793  0.2182604723  
0.6089478476  0.0368208308  
0.6516391432  0.05701467728  
0.3880854552  0.2693847848  
0.4881511041  0.1063393014  
0.5376045279  0.06077767375  
0.4203252817  0.1295477965  
0.4853051417  0.0733087585  
0.55840684  0.07907915827  
0.5440376265  0.03989895114  
0.5241535597  0.02907027402  
0.43330122  0.09463576805  
0.4916318074  0.07124295126  
0.6119390071  0.1418656073  
0.5456108588  0.07145876788  
0.2403888604  0.3789910789  
0.6004443062  0.4359162472  
0.4898261278  0.1240976138  
0.5738556405  0.08734876982  
0.5853070827  0.03918837903  
0.5628506305  0.03758617383  
0.726780217  0.1717540949  
0.4331766722  0.3246962471  
0.6111414244  0.2041302411  
0.6108456617  0.02304935039  
0.3691717116  0.2961419143  
0.7335624474  0.425019468  
0.4744369577  0.2786279966  
0.6628046125  0.2072227546  
0.4697889064  0.2178015589  
0.5954993943  0.1434908498  
0.4708900516  0.1546400715  
0.358529314  0.1765999577  
0.6387376904  0.346831833  
0.8496798617  0.2308647578  
0.4560079336  0.458272138  
0.7697578063  0.3614656836  
0.6487727545  0.1449413071  
0.6104784471  0.05049326984  
0.7128572726  0.1094691439  
0.7286706971  0.02785144654  
0.628323462  0.1346048504  
0.7054259892  0.08589347513  
0.5884936632  0.1270805631  
0.6554388388  0.07442401165  
0.7764795525  0.1370398674  
0.7864575659  0.02277263992  
0.609996729  0.2175147316  
0.8193102022  0.2517651192  
0.4243108169  0.6628811077  
0.7342610938  0.5343533338  
0.7956943123  0.0659726661  
0.8029733422  0.02826317381  
0.8569837604  0.07173497902  
0.7541229803  0.1329439281  
0.6702394908  0.1127744366  
0.8313584725  0.2056190937  
0.6909490834  0.2045152635  
0.8229773647  0.1880661019  
0.6910940869  0.1725796542  
0.7504728427  0.08443478467  
0.8412294789  0.09375953151  
0.7530841369  0.1229770117  
0.9070520613  0.2033526677  
0.6419722099  0.3607727844  
0.844877577  0.2585638092  
0.6641969597  0.2875427958  
0.7573875426  0.1743001741  
0.9472659822  0.2448478816  
0.7408411573  0.3029396395  
0.8246248159  0.1207452515  
0.8719525648  0.08100084109  
0.7785908915  0.1324626959  
0.927553231  0.206527936  
0.8400445774  0.111423096  
0.8103050723  0.0582918806  
0.8095886921  0.03412791654  
0.9257352928  0.1398775212  
0.8715044774  0.07740209972  
0.9267407707  0.08204953789  
0.883586968  0.09229239476  
0.9040483006  0.07300298419  
0.8961880333  0.1704536931  
0.8236890633  0.2485089359  
1.00687008  0.3950670819  
0.9955267857  0.05131110673  
1.102910273  0.1677287252  
0.8596616817  0.3676712393  
1.039766168  0.2618061725  
0.9542186383  0.1359480941  
1.039688898  0.1231729189  
1.049160599  0.03319523504  
1.053185911  0.03805823573  
0.9617820884  0.1468902596  
1.058056216  0.1365201743  
0.9923194317  0.1328564638  
1.059308546  0.1542679995  
1.03509248  0.05267205418  
1.062986403  0.03334477064  
1.075957545  0.0261317289  
0.9831511137  0.2711265416  
1.19444967  0.4535468984  
0.9850442904  0.3260871405  
1.030426606  0.06065849784  
1.265691546  0.3324416473  
1.023148023  0.4184112183  
1.151083078  0.22789154  
1.156061759  0.04799994505  
1.187475019  0.05614700505  
1.195593406  0.04102508102  
1.139763797  0.1196590002  
1.075571394  0.09355382597  
1.096573438  0.04326882011  
1.194469131  0.2098449493  
1.200129593  0.07658743685  
1.202538444  0.04605184091  
1.025299605  0.3190181979  
1.076067903  0.1030099276  
1.103144201  0.4929801272  
1.125119039  0.03042009161  
1.171678646  0.08876291371  
1.18898116  0.1966557881  
1.138367749  0.06811718991  
1.137835299  0.1088178358  
1.135651905  0.2501679326  
1.171884682  0.1082195572  
1.17352198  0.08800661491  
1.210789011  0.05749292221  
1.189452798  0.1050123011  
1.276242098  0.2796813997  
1.241806324  0.2051397525  
1.253504355  0.09695189724  
1.266307345  0.05249420005  
1.29265495  0.0531883185  
1.267567444  0.1272959676  
1.269727598  0.1991960523  
1.197367895  0.2624341098  
1.239378775  0.09726141931  
1.264872965  0.1188409878  
1.247111206  0.03023609503  
1.318217646  0.1081105429  
1.300149061  0.05147394833  
1.337743769  0.04873399146  
1.298046061  0.2251659352  
1.404252477  0.3544874635  
1.332531227  0.3710843762  
1.318124581  0.09344956345  
1.280039332  0.04738682477  
1.390331589  0.3546749437  
1.413301829  0.3138621426  
1.45349183  0.1782856379  
1.427217395  0.1840653722  
1.398344536  0.1234720604  
1.379007398  0.1234123294  
1.410041631  0.1810942708  
1.414058801  0.1700955488  
1.4250245  0.06021792437  
1.397986549  0.0383637531  
1.476781345  0.1918746108  
1.451183046  0.1703518582  
1.502813095  0.182357864  
1.421430626  0.3429402609  
1.460561405  0.1434423843  
1.484231997  0.1451016721  
1.44885063  0.07765118331  
1.458007611  0.02825172749  
1.451452935  0.05843286284  
1.517544037  0.1875383407  
1.484738222  0.1845201495  
1.513074039  0.04595502947  
1.529664355  0.1184312137  
1.551565825  0.1021489378  
1.536489009  0.0455624737  
1.608571402  0.1261025183  
1.549291714  0.1260476066  
1.620478021  0.2506729788  
1.495515595  0.2260146918  
1.571607118  0.1522953049  
1.57261745  0.2767838781  
1.592504454  0.1503056532  
1.571428062  0.04087866335  
1.561171154  0.0748022155  
1.599705754  0.1976595682  
1.611047413  0.0552369356  
1.575057446  0.141292477  
1.615881558  0.1246204811  
1.568775257  0.2978372066  
1.584330985  0.1734896038  
1.595468418  0.1707465289  
1.611804496  0.09727617801  
1.61117815  0.08387028774  
1.646455249  0.3019165836  
1.632527129  0.1396067787  
1.646388446  0.06198361898  
1.618980072  0.1820225847  
1.676113309  0.08037509055  
1.512284462  0.184456186  
1.602896062  0.3000011753  
1.566213814  0.2858984714  
1.573440969  0.1127877902  
1.629324571  0.0799562741  
1.609015014  0.0522767025  
1.621842862  0.0403630054  
1.65774189  0.1583092763  
1.607462296  0.371269713  
1.645796815  0.2187310974  
1.616293344  0.07910607707  
1.662264795  0.07219453198  
1.64453994  0.2493595505  
1.670849326  0.2306983584  
1.623916943  0.1321295941  
1.723117385  0.1811429781  
1.681762626  0.2400047434  
1.734059252  0.2227443156  
1.728799216  0.123771887  
1.700923512  0.0972856003  
1.726083095  0.111021488  
1.761717312  0.1631827395  
1.757017925  0.1382596467  
1.76649803  0.04879542679  
1.72893379  0.07844348999  
1.703324551  0.08812568997  
1.768199239  0.1489270958  
1.747577416  0.1306648237  
1.761555774  0.06523878129  
1.783003347  0.07395298577  
1.789825946  0.1333610189  
1.754565691  0.2297355631  
1.77477866  0.02741629317  
1.795056606  0.08456581502  
1.775722788  0.0385224026  
1.785009666  0.07320874876  
1.799257824  0.1454088682  
1.894522787  0.2150130158  
1.8733376  0.08384860016  
1.904208839  0.1409904887  
1.868377555  0.2194228921  
1.929184898  0.2839903057  
1.8848826  0.4203616318  
1.876263242  0.1505442407  
1.908411957  0.09719553175  
1.905842221  0.01648840282  
1.872927252  0.05994933773  
1.946963836  0.1029996814  
1.950637295  0.02225232787  
1.931010733  0.0691573172  
1.912665528  0.1212642707  
1.965059104  0.3254780407  
1.95554291  0.1626652954  
1.916905437  0.07167843927  
1.977435477  0.09360277404  
1.949893768  0.09290456851  
1.959356922  0.185079303  
2.001186478  0.04673903852  
2.059168575  0.1054557424  
2.0168822  0.2351482808  
