0  0  
0.09276814926  0.09276814926  
0.4770863119  0.4512485853  
0.3643497646  0.1391397165  
0.5780025238  0.2361066624  
0.5405971021  0.07265576886  
0.4209427332  0.152015361  
0.6507829808  0.2373600827  
0.486629631  0.1841470083  
0.4084971427  0.08526750788  
0.7082310861  0.3155410846  
0.5620287296  0.1802684613  
0.6313106532  0.07314774417  
0.4578833896  0.1953170839  
0.5422916654  0.1095485631  
0.3831799946  0.1801202234  
0.6535129727  0.29325112  
0.8498799246  0.210528938  
0.2513900737  0.7652145336  
0.635525646  0.510440913  
0.9330874162  0.3132583148  
0.8082866102  0.1563978922  
0.7775753007  0.08943922897  
0.7208113218  0.1093696871  
0.6206873769  0.2118994007  
0.7707492898  0.1777025664  
0.6831230274  0.1826788696  
0.749148465  0.1225165322  
0.7143271219  0.0768190956  
0.862952837  0.16318993  
0.7895862298  0.1316233751  
0.7512613256  0.1641088395  
0.7322947014  0.05298659848  
0.7829785721  0.08547399934  
0.8916899853  0.1777445783  
0.4724370363  0.5707120788  
0.9076545791  0.5958628625  
0.798877311  0.1529158257  
0.8848100337  0.1006852538  
1.010659895  0.1639116423  
0.7751678229  0.2988765825  
1.028650928  0.3268320162  
0.8036805033  0.3496046215  
0.9802021021  0.3405359471  
0.9385349574  0.1135264615  
0.6650809186  0.3477678064  
1.029543299  0.430686349  
0.8648152318  0.2505724387  
0.8778959758  0.09470398296  
0.8150236997  0.07244012014  
0.936543396  0.1422444701  
0.7363115166  0.293448692  
0.7008519564  0.1423913418  
0.7438450112  0.3534819812  
1.009910048  0.3340569429  
0.7722795841  0.404033515  
0.9575028826  0.2240487985  
0.8272312771  0.1754556736  
0.8665398017  0.112713098  
0.8075295575  0.1561539282  
0.9943986798  0.2486117419  
0.9010498061  0.1385594379  
0.8764204861  0.04307019416  
0.9635556922  0.164955431  
0.7159375461  0.2637755385  
0.9004760911  0.2342137115  
0.9716387399  0.1010763566  
0.828168967  0.2179390118  
1.045221504  0.3229143212  
0.518082615  0.937583604  
0.9941097285  0.8761840132  
1.001286339  0.04162083998  
0.9567154388  0.1192264894  
0.9752206961  0.04272464357  
0.9621075876  0.04772544312  
0.8686812965  0.1240643375  
0.9697213104  0.117056741  
0.7893059519  0.2150059559  
0.9740689028  0.216856099  
0.8616843908  0.1276872086  
0.9577013541  0.1109159206  
0.8237357981  0.1626691824  
0.8929205407  0.1050729161  
1.035301969  0.200404285  
0.70422991  0.3458480824  
0.7949712037  0.1335074295  
0.5623333654  0.3108136592  
0.8472662848  0.361325933  
1.042624976  0.2169042871  
0.7455047722  0.403190255  
0.943004555  0.3158185626  
1.022355982  0.149417477  
0.7903065572  0.2845878676  
0.8845347767  0.1203034428  
0.9021238884  0.06778673838  
0.8621708372  0.07606873598  
0.8905155968  0.07826843349  
1.008164231  0.1510567141  
0.9629498119  0.1647967955  
1.069683405  0.1194285423  
0.9598803339  0.1781177354  
1.039854589  0.1120184716  
0.9012115253  0.1509205401  
0.6240924764  0.465543038  
1.01860297  0.5725821602  
1.044129319  0.03828536989  
1.017643773  0.2823649329  
0.7967292568  0.2349119686  
0.9016875438  0.1366926957  
0.9177573485  0.05800973911  
0.9684079392  0.1049620155  
1.036554304  0.09287131097  
1.098891068  0.1019828065  
0.7962634176  0.3142549291  
1.004533929  0.2874575727  
0.8045013077  0.2168896499  
1.030592119  0.2440156773  
0.8028299049  0.2799753736  
1.013959986  0.2403232452  
0.9100526071  0.2051563255  
0.4797503054  0.478847439  
1.025087402  0.6937508139  
0.7898043422  0.3211575077  
0.8596801182  0.1783918595  
1.231698706  0.4574019028  
0.9280547176  0.3665689395  
0.9994089473  0.08577590162  
1.048187583  0.07866618549  
1.026753959  0.2302224315  
0.9627439179  0.08511105041  
1.036514486  0.1394804832  
1.002166404  0.1367846615  
0.8504909601  0.1755597241  
1.108656909  0.393060348  
0.9940030001  0.2228057692  
1.18233393  0.2346653722  
0.7522121081  0.4975710725  
0.4951006617  0.2892791954  
0.4261796714  0.5375513417  
0.4459730444  0.04517593301  
0.4544838665  0.1303535338  
0.4751963242  0.08630470003  
0.537710914  0.1114240914  
0.5559634803  0.1061597667  
0.4229181659  0.2297383989  
0.4224321286  0.06040653401  
0.4619715224  0.1236725734  
0.4487034851  0.07235571072  
0.4594426827  0.07531987069  
0.4436831922  0.03656963427  
0.3806460659  0.1329703177  
0.477922791  0.1861023276  
0.4408709103  0.09722774424  
0.4817071188  0.1085375291  
0.3925762321  0.2692325531  
0.4967099992  0.233073278  
0.3694489881  0.233263911  
0.3226368433  0.1319244199  
0.37055072  0.1170070637  
0.4260037113  0.1052668398  
0.4503372535  0.06873053353  
0.5353737778  0.2916098306  
0.5906606954  0.1542402649  
0.4600322479  0.28808037  
0.7084986966  0.5201799616  
0.5157740515  0.3504107332  
0.5924189394  0.08153386506  
0.5725433951  0.06803896686  
0.7086091476  0.2734781739  
0.6056973734  0.1968394117  
0.6725352747  0.1208676745  
0.6127366752  0.1643670688  
0.6020630732  0.1406542089  
0.5209338317  0.09715735088  
0.5383771219  0.3265649775  
0.3979319246  0.2381343168  
0.5017462296  0.1142619082  
0.5920971505  0.1048354546  
0.637747637  0.1404579575  
0.5066761279  0.1770744979  
0.5345046407  0.3130091748  
0.3473784225  0.4034269025  
0.520218935  0.2562707696  
0.7026422708  0.3680242763  
0.6046577363  0.1371506306  
0.5334601625  0.1559417108  
0.5350786431  0.168667258  
0.7767873549  0.3449218526  
0.5918174367  0.3329078536  
0.6475636972  0.1175207076  
0.5121269587  0.2668305966  
0.5923684702  0.2530798507  
0.5779228597  0.1463914392  
0.6544370213  0.2129651216  
0.4455081192  0.263497255  
0.6311943833  0.2796089951  
0.6520559276  0.205202749  
0.7101956738  0.0935905582  
0.5624653098  0.4578821508  
0.6034004457  0.2367776817  
0.6243350361  0.04421284923  
0.6358680044  0.04329229517  
0.676542658  0.145937089  
0.7769365238  0.3003858945  
0.7301708007  0.2117359897  
0.8316132867  0.1491867702  
0.594316256  0.4561172673  
0.7211192203  0.3489445074  
0.5939796239  0.2187658685  
0.4680715907  0.1797442487  
0.4345656094  0.1420352294  
0.632587278  0.3364038006  
0.6477706744  0.14264672  
0.8013841319  0.2240802988  
0.6163786383  0.3297675476  
0.7514191738  0.2311785563  
0.6629319931  0.1794463834  
0.9334377847  0.4348148368  
0.6970691033  0.3800387568  
0.736832268  0.07977095566  
0.6832466927  0.08867770596  
0.5705558183  0.136797482  
0.7458884122  0.2783783887  
0.7651910162  0.09748220908  
0.5369680138  0.3830753699  
0.6673685361  0.2826852746  
0.6882074307  0.08912518533  
0.7282897455  0.06922605259  
0.5734434809  0.255277168  
0.7095417634  0.2808121561  
0.5455157855  0.2397065323  
0.6413800823  0.1543823075  
0.5990589273  0.1833567262  
0.696312057  0.1917671745  
0.6588359835  0.08261760402  
0.5761395986  0.2812740721  
0.6195812612  0.1437310602  
0.6985841654  0.1978752003  
0.719638242  0.08952757952  
0.7753890856  0.1063746453  
0.6717662748  0.1839350199  
0.5411210372  0.1968037642  
0.6184950426  0.2171951173  
0.5240799625  0.20025428  
0.5089807966  0.05647267503  
0.6069803434  0.1746837547  
0.7654601021  0.1929774333  
0.5141853227  0.3995936162  
0.4350724365  0.1184375492  
0.455777413  0.1165950543  
0.4566085929  0.1525075048  
0.4265093781  0.09035699339  
0.3876100322  0.1602701264  
0.5149736999  0.2909954212  
0.4840536329  0.08147113099  
0.4904406608  0.079257025  
0.4674067613  0.1463339584  
0.7153133552  0.4174824301  
0.4646037658  0.3343911272  
0.5321148112  0.07386193253  
0.5226104062  0.07984750074  
0.5956684698  0.168438161  
0.4628779341  0.1785263233  
0.5431757764  0.1248250408  
0.4356016365  0.1572499506  
0.4521814326  0.07226164638  
0.3531148573  0.1372153519  
0.5782822442  0.3475573799  
0.5122032821  0.1583229518  
0.4436556992  0.09121428358  
0.5706755087  0.1509912567  
0.5984942685  0.05250895646  
0.4513900105  0.233720153  
0.4737841773  0.08022705273  
0.6246675014  0.1829349579  
0.4853057527  0.1870818007  
