0  0  
0.03236275299  0.03236275299  
0.4323873987  0.4235858471  
0.5254067387  0.1014124959  
0.3850743499  0.1709299312  
0.7570531968  0.375181854  
0.5804093217  0.2335648948  
0.8173630954  0.2517358662  
0.598015398  0.2307194371  
0.706917719  0.1208037635  
0.6667828935  0.07471410957  
0.8257120325  0.1732944803  
0.8882785196  0.08828527441  
0.5597706802  0.4079140012  
0.8808841112  0.3861362203  
0.6075184511  0.299870245  
0.9141002813  0.346000305  
0.8892028931  0.04095776693  
0.4038649769  0.6641651266  
0.7639985969  0.5241604582  
0.7520108905  0.08231309094  
0.771365101  0.07285081236  
0.8976637064  0.1745730735  
0.5173705281  0.4701519063  
0.7427284879  0.299898189  
0.852854863  0.1138984791  
0.7275468879  0.1381352191  
0.7322754126  0.02225502317  
0.9773955324  0.2691327697  
0.9458277271  0.08860605736  
0.9862880858  0.06801122035  
0.9645807564  0.1367285019  
1.113631681  0.1904608793  
1.258034369  0.1796221253  
1.074919617  0.2346342855  
0.7676356986  0.5204044452  
1.099083451  0.5555760292  
1.081306182  0.06657745877  
1.132477344  0.07739382854  
0.9206885692  0.285609626  
1.26133133  0.4056366172  
1.181530705  0.08962125263  
0.9828552103  0.263699978  
1.177590368  0.2476625618  
1.148834957  0.06788973638  
0.9372646014  0.3237122769  
1.178494012  0.3692061694  
0.8574267418  0.3855839406  
1.294003211  0.5486693174  
0.9087453668  0.4540303339  
1.161801677  0.3045581789  
1.135358752  0.08113416253  
0.8179766669  0.4957589534  
1.153998462  0.4906540483  
1.271025038  0.1537622275  
0.9621386916  0.3531608994  
1.201165668  0.3104744507  
1.192875056  0.02889570081  
0.9789878357  0.3011932104  
1.299012998  0.3677354699  
1.245016317  0.09603905532  
0.979511251  0.3318864323  
1.119363059  0.208002647  
0.9233010841  0.264401317  
1.19997062  0.3434963234  
1.121241042  0.1169448874  
1.134369379  0.1490121025  
1.181918448  0.07142566494  
1.433117085  0.3127155432  
0.9340768711  0.7764735862  
1.191801987  0.4920278408  
1.207017606  0.05013089167  
1.357712682  0.1714109124  
1.33893288  0.0340650492  
1.404765113  0.07853077495  
1.198939037  0.2612917217  
1.429832602  0.3091537498  
1.251024279  0.2950835028  
1.419967546  0.2038812924  
1.321802168  0.1609985825  
1.4448075  0.1534569019  
1.616815319  0.2116682047  
1.389322616  0.3214791103  
1.60707724  0.3242090569  
1.259751614  0.4872677733  
1.52548577  0.3711288308  
1.255291473  0.5386544453  
1.382485405  0.3128710128  
1.622663542  0.3207870633  
1.401243059  0.3558860524  
1.3950674  0.05782860346  
1.462764674  0.1257846026  
1.424789561  0.08355008827  
1.527162011  0.1956502506  
1.468651663  0.08693717296  
1.516313833  0.06318226831  
1.492822547  0.06244530129  
1.568616832  0.1154745483  
1.483894236  0.1469514646  
1.478155354  0.046104628  
1.508883768  0.03904473331  
1.471401164  0.08179033802  
1.400884929  0.1195167612  
1.37863766  0.1864422684  
1.552237706  0.4382890975  
1.618233067  0.1055981633  
1.546705297  0.1054731436  
1.324018085  0.3607496559  
1.666898426  0.4546488848  
1.571149983  0.1851730209  
1.617279162  0.06856787682  
1.562233038  0.08448322243  
1.562617745  0.06902730596  
1.578334094  0.05440252751  
1.65927398  0.08422041196  
1.486968639  0.2640470112  
1.514864806  0.09270670232  
1.723224288  0.2680392126  
1.685768666  0.05390250957  
1.733673532  0.07442124569  
1.465924534  0.5234032268  
1.768714247  0.5700873316  
1.605538592  0.2212757884  
1.641797756  0.04824307675  
1.842349107  0.280373064  
1.638326957  0.3015107304  
1.759777662  0.1876432036  
1.68941074  0.1028082694  
1.748949772  0.07638594527  
1.732248368  0.03783050457  
1.634623384  0.1879415131  
1.481720634  0.2298861904  
1.654883201  0.2583012182  
1.588556577  0.08612727827  
1.652788443  0.1204606352  
1.67980012  0.05779874595  
1.543771924  0.1981776779  
1.491574078  0.2168965645  
0.3426819098  1.315526768  
0.3249368141  0.06935952176  
0.2954333314  0.08367544548  
0.3263568832  0.1253411  
0.251416036  0.1545964667  
0.363765418  0.2347179348  
0.3167777629  0.3933949236  
0.3008950682  0.1885241531  
0.3254829257  0.08979226913  
0.3203535147  0.06575880603  
0.3105125708  0.1210367775  
0.3689903294  0.2623221309  
0.3394504023  0.07727616117  
0.3129710496  0.0879803111  
0.3207843697  0.03729487492  
0.3429010289  0.03879409088  
0.3269627361  0.03368902109  
0.3351054126  0.07969287778  
0.3627052733  0.09987172461  
0.3795399791  0.2481613766  
0.3418664389  0.1364530981  
0.4399680859  0.3112666226  
0.4392006949  0.08038492457  
0.4163208148  0.04435589429  
0.444019476  0.09313389895  
0.4311265773  0.03849156363  
0.4882032026  0.1001744812  
0.4255267438  0.2331553454  
0.4444914993  0.07291983981  
0.409440449  0.1330620432  
0.5715766956  0.4367727308  
0.4626310846  0.4133362359  
0.5195809244  0.1849531282  
0.4953936669  0.1067080759  
0.5227577076  0.2254963318  
0.6045191022  0.3676420134  
0.5485699612  0.09878007799  
0.5621277662  0.148978181  
0.5933950885  0.1256332336  
0.5758374125  0.05282882556  
0.6298072575  0.1072522716  
0.6280375658  0.1643498118  
0.6980954036  0.2196547232  
0.6417982159  0.2758317757  
0.7227242045  0.3203381935  
0.7325532068  0.02079459388  
0.656005989  0.1700920203  
0.7016334308  0.1117887446  
0.7095151108  0.03483287491  
0.7034767387  0.02837259923  
0.7227361811  0.08297876088  
0.7155097183  0.1772254969  
0.7811363848  0.1750470842  
0.7745919438  0.08488733053  
0.7860999256  0.07523618838  
0.8136903893  0.09058028931  
0.8041973827  0.1408484648  
0.8886528807  0.3485784825  
0.8101423989  0.2932077751  
0.8549090752  0.1537774468  
0.8030907273  0.3060319893  
0.9013257482  0.315943477  
0.9098108312  0.02788913225  
0.9060025757  0.04839443689  
0.9601930638  0.1192189662  
1.002530214  0.06964138288  
0.9763392575  0.134769392  
0.9978517338  0.09179189354  
0.9704471867  0.1107874501  
1.016953143  0.07594489238  
0.9305615353  0.2977879472  
1.039508314  0.4288546191  
1.062868445  0.1028737352  
1.112032592  0.1559215477  
1.093244284  0.08317048902  
1.0457816  0.09853094805  
1.092396501  0.08162115984  
1.104310997  0.02306102576  
1.100076644  0.02103898093  
1.11318127  0.07405650052  
1.072090884  0.1882177751  
1.088654396  0.06857718086  
1.093794696  0.04039156932  
1.127319655  0.1283076769  
1.117025336  0.07396716547  
1.104375101  0.04334631197  
1.127270213  0.102471323  
1.039264449  0.1375790783  
1.229922424  0.4309967753  
1.221819995  0.1126747334  
1.117890477  0.2126274508  
1.181664994  0.2257462756  
1.16646548  0.1067304579  
1.240445812  0.1644460511  
1.136166207  0.2596095135  
1.127911624  0.07520893456  
1.063992487  0.1619219491  
1.153884147  0.1950994739  
1.201515409  0.07973303799  
1.164896241  0.05246435368  
1.241774281  0.1060654809  
1.13818929  0.2263841371  
1.223174612  0.1264716385  
1.241837167  0.1147823319  
1.261700627  0.1758558704  
1.249433524  0.1105028709  
1.337871549  0.2284821163  
1.257115706  0.17497964  
1.252058821  0.04561344108  
1.167566825  0.3036429642  
1.296805566  0.3116691918  
1.309981657  0.03050778778  
1.24040028  0.1557212294  
1.299680041  0.1107710667  
1.225102053  0.1909665711  
1.345410926  0.2819346202  
1.255976898  0.1883935166  
1.323858124  0.1286089694  
1.291417087  0.1379232563  
1.336853611  0.1824179121  
1.288792987  0.3318801401  
1.264920135  0.07984970207  
1.299684295  0.1191985176  
1.290844007  0.05588226026  
1.297613739  0.04710208762  
1.253144459  0.08674591407  
1.348585755  0.2625428072  
1.336974496  0.07849063492  
1.319170901  0.02375894175  
1.448666941  0.2726730058  
1.365026016  0.2539331307  
1.308734596  0.09755368475  
1.330108848  0.06783388602  
1.298957204  0.0571352081  
1.283767186  0.1289401654  
1.36958007  0.2502909872  
1.306338828  0.1565666254  
1.273745168  0.2235495909  
