0  0  
0.03672070544  0.03672070544  
0.6715447007  0.6618403491  
0.4311390667  0.259516138  
0.5700405972  0.1558195266  
0.740774112  0.1751542505  
0.5330953296  0.2154381836  
0.7805393433  0.2547484593  
0.5874524723  0.209580822  
0.5517161398  0.05137144506  
0.6805103348  0.1322612536  
0.778181245  0.1049160254  
0.8113982792  0.05023008705  
0.5446014308  0.2802718911  
0.6935210058  0.1653181183  
0.568115185  0.1369226499  
0.6510556768  0.0952114575  
0.9121076434  0.268630674  
0.1602807413  0.9140923421  
0.669288787  0.6617028889  
0.8496969504  0.1894725407  
0.6851915058  0.1747151174  
0.7218108017  0.05083878701  
0.5900186065  0.1369867424  
0.6400811945  0.06536490587  
0.6528479755  0.05238053703  
0.6398591641  0.08428036918  
0.4942115625  0.1549942734  
0.6994167408  0.2096752382  
0.7643558936  0.08574664289  
0.8378025845  0.09058568673  
0.666607684  0.1853849008  
0.7795865376  0.1186300556  
0.7375432183  0.05466279826  
0.7811188224  0.0479481552  
0.2866831602  0.6193922837  
0.9048717701  0.749963126  
0.7229329571  0.2065743441  
0.794179759  0.09310092927  
0.7250499909  0.1068702223  
0.8429249357  0.1335277068  
0.9523901384  0.1154622111  
0.8009527863  0.1660298144  
0.7731911102  0.07568035081  
0.9051636551  0.1401702283  
0.7152069899  0.2285475018  
0.8679444499  0.1660961077  
0.6882231658  0.2194215286  
0.8730073704  0.2063645942  
0.7753049319  0.131675931  
0.8726522067  0.1127599729  
0.8176226495  0.08293234673  
0.4873501828  0.5185852149  
1.009200566  0.7231439362  
1.112827595  0.1187460519  
0.9170704864  0.2408952859  
1.033187757  0.1385308458  
0.9655655291  0.09924294042  
0.7951550292  0.2412446395  
0.9423680149  0.197206819  
0.9152946544  0.06022868634  
0.9943455214  0.09862169593  
0.9739169165  0.03562582781  
0.900037356  0.1568412215  
0.9817375561  0.1418757947  
0.979506286  0.02955074375  
0.9389683095  0.0519750202  
0.94569792  0.04215113714  
0.9950346639  0.06665168524  
0.672640989  0.8718612664  
0.9637698328  0.8031374135  
1.008343293  0.05515725683  
1.042208341  0.03799065511  
1.168251184  0.1645646707  
1.144551811  0.05769934664  
1.039281769  0.158625616  
1.011958701  0.06964001994  
0.8981719185  0.174694606  
0.9865816936  0.139290757  
1.02637225  0.0707564546  
1.056971048  0.06166052255  
1.173943059  0.1577943791  
1.196127465  0.1215870594  
1.301523438  0.1412504542  
1.151620242  0.3087111484  
1.199043128  0.1717711014  
1.000246457  0.8215517283  
1.187019281  0.7675305152  
1.240954743  0.07687544174  
1.151371575  0.1713534468  
1.169170042  0.05156250251  
1.288808653  0.2196234975  
1.177907794  0.2240333332  
1.281950981  0.1628417125  
1.228206962  0.1124983856  
1.284181718  0.1389331338  
1.230156145  0.08708810352  
1.275003925  0.05730846712  
1.344747574  0.09513488178  
1.406149921  0.1095509438  
1.413842366  0.153117742  
1.42671066  0.02377990577  
1.382298042  0.1516139562  
1.252451642  0.7207600861  
1.487235319  0.9443036997  
1.481111289  0.02364520255  
1.501665289  0.09802955389  
1.480607894  0.2112171381  
1.641841415  0.2742126926  
1.475987521  0.169578283  
1.509380575  0.07136586233  
1.545349279  0.06393062686  
1.603672282  0.113484567  
1.589551201  0.1157253291  
1.63635527  0.1080915479  
1.617707139  0.05259203815  
1.608031755  0.03463485514  
1.623696071  0.05189851898  
1.70847607  0.1317357732  
1.722887195  0.06313583317  
1.480555082  1.000260413  
1.71046077  1.062102219  
1.652023623  0.1975803015  
1.635707124  0.07778535243  
1.787101157  0.2707673271  
1.669311116  0.2020829763  
1.692547046  0.05104367695  
1.712795267  0.08062578561  
1.747363419  0.07420026786  
1.82842223  0.1437738  
1.714114821  0.1870323989  
1.676186635  0.1334977742  
1.689880984  0.08127336243  
1.749632309  0.07751160407  
1.711552739  0.07430627328  
1.814030564  0.146214823  
1.721203138  0.2549805257  
1.629222251  0.7170411311  
1.651269266  0.185759214  
1.66959082  0.04765146358  
1.657049764  0.2983220906  
1.63270604  0.09532478198  
1.694000095  0.2029867325  
1.656027611  0.08402857288  
1.647939542  0.08748284157  
1.627629754  0.08242145252  
1.626451491  0.05806378123  
1.646927744  0.1227432651  
1.675289464  0.106026489  
1.640270001  0.07161146607  
1.585948633  0.1432447115  
1.601859163  0.1205140866  
1.551805978  0.06790461249  
1.545006703  0.0381868808  
1.567477663  0.05352949066  
1.517246323  0.08101302402  
1.465849395  0.3646658852  
1.505889836  0.1876254763  
1.50253369  0.09359625702  
1.531128507  0.1049211679  
1.480597631  0.0846974912  
1.510395583  0.129742434  
1.463400645  0.1031458025  
1.454229922  0.09697328005  
1.523646052  0.2482642267  
1.449758596  0.214711609  
1.445970545  0.04004139673  
1.402388581  0.1053358933  
1.424969596  0.1651596705  
1.377503891  0.1263661364  
1.430850729  0.09347705383  
1.478740216  0.07267529602  
1.455412077  0.1961110261  
1.434165878  0.2667610333  
1.482925239  0.4487483152  
1.46335058  0.1181971168  
1.464745066  0.1033390611  
1.46503996  0.07552033679  
1.413977555  0.1222413366  
1.398550333  0.04090500859  
1.419763915  0.1024027228  
1.364438235  0.1947814593  
1.263836481  0.1584138976  
1.278587445  0.1107959227  
1.339721627  0.1636308674  
1.343984735  0.1023739613  
1.320642096  0.1493240592  
1.406614375  0.2262835914  
1.317112949  0.2460861819  
1.334557207  0.07928398525  
1.372170845  0.3073435041  
1.43533435  0.3592945952  
1.442058996  0.06834633073  
1.445841188  0.05523566633  
1.423144385  0.05546520088  
1.4485108  0.1786934646  
1.51379366  0.09484597352  
1.532276818  0.06358747638  
1.507554959  0.2391623533  
1.494852209  0.12875038  
1.483807638  0.06498330723  
1.500522985  0.0382889194  
1.508074509  0.02734603825  
1.590745842  0.2155066617  
1.57723909  0.08559633584  
1.570944305  0.0618294725  
1.482611703  0.2379668078  
1.479795047  0.1843612515  
1.502136161  0.2574191429  
1.481692726  0.07132773691  
1.472747919  0.1915805231  
1.507268761  0.1804003986  
1.459147987  0.1585309235  
1.519753548  0.2241803505  
1.518132645  0.1057065954  
1.54749021  0.1332818875  
1.55787403  0.1216787034  
1.606946533  0.1961686656  
1.432611428  0.3340964508  
1.407881237  0.1913045294  
1.447746416  0.1083740164  
1.494427797  0.1224915548  
1.405675106  0.1093683459  
1.479914388  0.173712637  
1.479550561  0.4181353942  
1.492629809  0.2581804517  
1.485922853  0.05636894361  
1.52196593  0.1364678242  
1.490345663  0.09902136252  
1.432836092  0.1063915038  
1.349277962  0.1687436798  
1.402790517  0.1914357862  
1.352404606  0.152874793  
1.380727774  0.04384464006  
1.420452138  0.08108901992  
1.455586899  0.119285453  
1.403518407  0.06635009981  
1.430390227  0.1846878533  
1.346397265  0.1610717329  
1.316439785  0.1197663251  
1.241461321  0.1161610236  
1.223717189  0.1917479804  
1.270294028  0.2985616025  
1.298340772  0.2364629048  
1.291580525  0.1232981321  
1.383240267  0.1244431938  
1.383540356  0.04503512638  
1.29009452  0.2291681603  
1.358900628  0.1294999754  
1.337055862  0.04905452157  
1.398431266  0.09339723464  
1.404657447  0.06896535268  
1.427264938  0.1036806804  
1.57895712  0.3511034584  
1.570847525  0.1165773166  
1.523072228  0.2465880226  
1.471217732  0.08241207635  
1.518665918  0.2086403955  
1.448962506  0.314394436  
1.415457613  0.2318787507  
1.356663219  0.1048245098  
1.440509601  0.21993984  
1.439801557  0.1470890976  
1.428965187  0.1431334956  
1.365104371  0.09385036209  
1.371174011  0.04596298062  
1.463266262  0.1352144984  
1.539031392  0.1452004464  
1.458007858  0.1080646699  
1.443771421  0.06028771055  
1.535781715  0.1196346467  
1.735476115  0.2224236218  
1.694667908  0.2002737777  
1.650204637  0.09954139435  
1.698297539  0.07139660318  
1.710500916  0.2892264204  
