0  0  
0.03774548134  0.03774548134  
0.4833209129  0.4516749003  
0.3033736392  0.2422911784  
0.4398954399  0.1621287788  
0.4326882983  0.05658843685  
0.4827839024  0.07978422002  
0.6123936119  0.1520455703  
0.3397863638  0.3181233569  
0.3802939797  0.2399605415  
0.4941079132  0.1581202907  
0.5761725982  0.1004564424  
0.4962870075  0.1198306381  
0.3350530689  0.2611893135  
0.5300359278  0.2943615381  
0.3574895573  0.2594064083  
0.7075922873  0.4181820585  
0.5792047306  0.1930834158  
0.2828083049  0.3428410098  
0.5503780835  0.3163748333  
0.6625062744  0.1304792735  
0.6615723721  0.06063920856  
0.6420071657  0.09628340755  
0.5887874603  0.1368768342  
0.5635742247  0.05530554402  
0.7160046421  0.1725586134  
0.5796058098  0.1899109105  
0.6815702011  0.2329374826  
0.4979785689  0.2529665045  
0.6447656007  0.1647693537  
0.5675191219  0.09992438697  
0.5145444547  0.1220299961  
0.5084720758  0.2194953557  
0.5842896971  0.2097458009  
0.5803944885  0.1160112616  
0.2109252092  0.4193738307  
0.5884792707  0.4295974384  
0.5265364077  0.08816876895  
0.6151161163  0.1074411048  
0.5839990103  0.07086942493  
0.5487539637  0.04938283214  
0.6653109661  0.1240729495  
0.5026106985  0.2158962705  
0.5886194617  0.1016567341  
0.4749471006  0.1721041705  
0.3570134725  0.1561276201  
0.6472203578  0.343281677  
0.4946986125  0.1693304316  
0.5585788452  0.07431610995  
0.450455549  0.1177020138  
0.4976160136  0.05312985985  
0.4507712648  0.08916126504  
0.244575485  0.2293694826  
0.6627603026  0.4595710594  
0.7162590645  0.1311232044  
0.4216607567  0.3601156756  
0.7224715568  0.3677675898  
0.5449091718  0.3003375221  
0.6452304825  0.1393931099  
0.6847548922  0.06881736725  
0.735486713  0.1191211301  
0.6449224213  0.1322160955  
0.7241694343  0.1040471226  
0.6417472344  0.1392825303  
0.545845627  0.1747201583  
0.6860913954  0.1668532004  
0.7028711207  0.04863749676  
0.6096927727  0.1726067713  
0.8282692388  0.2703773026  
0.5406845998  0.6682456694  
0.830708488  0.6808584896  
0.7684165628  0.09532045673  
0.7440402649  0.2083941134  
0.6588618965  0.2410770761  
0.6102016912  0.06640437706  
0.6568851925  0.1181636071  
0.7930079408  0.2185544808  
0.6887349792  0.1813390596  
0.7626007822  0.1233161292  
0.6701450057  0.139468835  
0.6518716371  0.1262932147  
0.6659109783  0.05558258159  
0.7006861707  0.1017332575  
0.9132950808  0.2434783207  
0.7210330125  0.3678619652  
0.7557794236  0.1763299884  
0.5844129122  0.2539874104  
0.7334218065  0.2393026478  
0.9197697423  0.2565962896  
0.5714475127  0.426458396  
0.7669442522  0.235539231  
0.7850309018  0.03237317719  
0.7854258902  0.1008886417  
0.8458387013  0.1025358371  
0.815060969  0.07181373266  
0.8348524065  0.1002273533  
0.878608153  0.06521206954  
0.8955595134  0.2591733355  
0.8194191516  0.09182234518  
0.836525285  0.06884008677  
0.8870635395  0.06239854219  
0.8758083807  0.2505726513  
0.63710569  0.3514306826  
0.6162000103  0.3020395904  
0.7941219926  0.5576889414  
0.7537445104  0.0684664575  
0.809804515  0.1284576373  
0.667685248  0.3306239282  
0.7435077952  0.2418642282  
0.6435793594  0.1485096969  
0.6818590464  0.06147801018  
0.6638738506  0.04289481954  
0.7126025382  0.1179441756  
0.4685344659  0.3139035446  
0.6386054628  0.2669694264  
0.5749838074  0.1805144132  
0.6803580807  0.1918546741  
0.6907921069  0.03117579475  
0.6937705529  0.03550199072  
0.665329717  0.05798087135  
0.4457655809  0.3183699956  
0.7551613287  0.4716068135  
0.5412453913  0.311654837  
0.6171801291  0.1208775561  
0.8807997828  0.3647382521  
0.5959627151  0.4380131733  
0.7524462966  0.2056305924  
0.69813016  0.07809570798  
0.7630446844  0.1076786568  
0.7213474768  0.05681232003  
0.6754443617  0.06259619714  
0.7097715881  0.1504456219  
0.4855855436  0.2988448867  
0.7179438895  0.2889328661  
0.7194980561  0.0850946464  
0.8131782976  0.1599885717  
0.7164586156  0.2906118747  
0.6937097251  0.2098691503  
0.6175331801  0.4601409499  
0.5557496034  0.09218597126  
0.6238597834  0.102800705  
0.6362039019  0.08314606739  
0.7178903794  0.1287072604  
0.7581862302  0.2067250907  
0.7230750438  0.2677654085  
0.7592267257  0.06873946313  
0.8375579117  0.1306137502  
0.7943290457  0.07195944203  
0.7068977039  0.3492246301  
0.7400801139  0.3306816088  
0.6810132428  0.1135882539  
0.6731416965  0.06275631494  
0.6865684321  0.1059827893  
0.6779446727  0.2155769245  
0.6068157914  0.2411620006  
0.6778897933  0.2095101145  
0.5670215572  0.1931202301  
0.5264979073  0.193276608  
0.5242235039  0.1361313765  
0.5157609983  0.1209183756  
0.5227404154  0.04584008226  
0.5373212287  0.08255217757  
0.5511257779  0.09137304117  
0.5150148779  0.2404033431  
0.6623586455  0.3300879179  
0.47714994  0.4897031393  
0.4209384751  0.2597607151  
0.4150295361  0.1049266753  
0.6140919738  0.3451669275  
0.4362619084  0.353287826  
0.5230190821  0.2264811802  
0.400843078  0.1956469046  
0.395301271  0.09698831417  
0.4063951937  0.2127842177  
0.5197922594  0.133734187  
0.4596082039  0.122968477  
0.4588938461  0.03920138533  
0.4768420028  0.1080857542  
0.5957588239  0.2625025997  
0.5072950757  0.2557495766  
0.5573649559  0.2343424293  
0.5058587925  0.3725697971  
0.5489189807  0.2013149112  
0.546194059  0.2384987531  
0.5530757296  0.2182067423  
0.5535695552  0.04472166809  
0.621405952  0.1331006304  
0.6504507655  0.2897037372  
0.61699143  0.2352486672  
0.5932525129  0.05746780891  
0.5523115895  0.2555095324  
0.6659744701  0.2086893622  
0.7108936054  0.06588248374  
0.7110189988  0.2077552117  
0.7527284447  0.1905800429  
0.7225454488  0.1707705308  
0.6741144146  0.1637155613  
0.6495918523  0.09815036943  
0.6772377672  0.3326262231  
0.630078514  0.2322068223  
0.6382918668  0.07465141559  
0.7114827868  0.1038387534  
0.7298772555  0.1989200022  
0.74373349  0.05652212156  
0.7403765188  0.08530044221  
0.7517810385  0.1517880197  
0.7541905637  0.3073168726  
0.7223648458  0.1771311619  
0.7480113815  0.2130598972  
0.7268734243  0.05112408772  
0.7440899969  0.0639813301  
0.7305463182  0.225235285  
0.752270304  0.08316330711  
0.7725221457  0.03616944144  
0.7353572932  0.1696284738  
0.7193752706  0.132885179  
0.7271469199  0.06304352199  
0.7716082389  0.1647438585  
0.786923429  0.1808514822  
0.7470220606  0.2599463502  
0.7492188148  0.141831524  
0.7761423492  0.06797191359  
0.7549638438  0.1101599985  
0.7698107859  0.06881753743  
0.7401242345  0.37537749  
0.7738735064  0.2044187714  
0.7816262017  0.07462509929  
0.7581495025  0.1536752944  
0.7428864794  0.1619664284  
0.7916478644  0.122737454  
0.7772390262  0.1073979669  
0.7911481079  0.1237812259  
0.7898200409  0.1791615026  
0.8100186899  0.1367672802  
0.7744392642  0.1771355484  
0.7582277847  0.09661599386  
0.7583677797  0.1743446398  
0.7589528708  0.05185931956  
0.743498056  0.07794920953  
0.8115395543  0.1423586237  
0.7633078516  0.06994734795  
0.7164527838  0.07060315883  
0.7584829519  0.1036108701  
0.7435536604  0.1742110936  
0.7353731654  0.1191296976  
0.7525895319  0.06129406527  
0.7939276195  0.2326731359  
0.7365008357  0.359930281  
0.7172246646  0.07211352791  
0.7524783456  0.06887328598  
0.7668788081  0.09051913819  
0.7319356744  0.06633075216  
0.7126632893  0.08829586413  
0.7309666555  0.1575183969  
0.7454563747  0.06620818365  
0.7475132332  0.1303004194  
0.7074053727  0.1830762838  
0.7612961917  0.2717964597  
0.567121967  0.5298789437  
0.5998092638  0.3446325637  
0.6166783668  0.0824210583  
0.590523308  0.07618727822  
0.5672345255  0.08503657322  
0.6339056612  0.1288313201  
0.5962710205  0.1386159883  
0.5738538343  0.05679118868  
0.5751426703  0.1021151633  
0.650370544  0.2592297003  
0.5560337908  0.1426672311  
0.5953375964  0.1950809647  
0.5977615928  0.258345991  
0.6024212707  0.04452280385  
0.6114386837  0.2852087216  
0.6161846279  0.1848430104  
0.6239202387  0.1050437552  
0.5422423617  0.2353025719  
