0  0  
0.01703537107  0.01703537107  
0.3834604834  0.3674884375  
0.2987890017  0.1032211494  
0.4795717639  0.1941700466  
0.4554926777  0.06059549188  
0.382998652  0.09615792701  
0.5752923483  0.2050584036  
0.3328828063  0.2687915484  
0.3462117258  0.08917734517  
0.4208208654  0.1192556543  
0.432420383  0.02925869765  
0.4125562069  0.03651416242  
0.3330256763  0.08864577359  
0.4882739974  0.1686700839  
0.3085149291  0.2737444972  
0.607705883  0.3858345824  
0.5071805673  0.1485313052  
0.1437743496  0.4174167141  
0.4151631309  0.3126063556  
0.5367896303  0.1422015044  
0.4567817082  0.1087677369  
0.548230767  0.120600488  
0.3625508351  0.2328348704  
0.4161393241  0.05837959099  
0.4945867616  0.131597799  
0.4296784371  0.0958058396  
0.4756381867  0.07078109813  
0.5053342171  0.05034853807  
0.542786311  0.05882680328  
0.5044503539  0.06870332494  
0.4677811968  0.06310757041  
0.4821342256  0.06237581816  
0.5614205385  0.1053734142  
0.5520440425  0.04311437671  
0.2465001015  0.4341692701  
0.6435999892  0.531509477  
0.5386885803  0.1232634158  
0.5896342013  0.05512271902  
0.6059941341  0.06050675735  
0.5762790917  0.04286842907  
0.6837806288  0.1224663587  
0.4901794115  0.2439325521  
0.6320626447  0.1887259342  
0.5596783568  0.129550487  
0.4477519963  0.2013396768  
0.7477461981  0.438405857  
0.4852917804  0.3594362908  
0.604274525  0.1618483288  
0.4789902707  0.1816002132  
0.5919507333  0.1719955259  
0.522085475  0.09389272928  
0.3822891265  0.2413409194  
0.6026014378  0.3355914483  
0.7731292226  0.2227774178  
0.5169432047  0.3484118496  
0.7301584071  0.2963473271  
0.6225938409  0.1696717861  
0.5968560175  0.04398478855  
0.6001408736  0.04965319953  
0.6674604429  0.09884174008  
0.6050942541  0.1281377363  
0.6578585049  0.07904976311  
0.5409788075  0.138221181  
0.5653550132  0.06352504229  
0.6295821824  0.0849130581  
0.6106831365  0.05119482866  
0.517745839  0.1799920487  
0.6593529035  0.2210291754  
0.3857710253  0.6776348532  
0.635801523  0.6412592005  
0.594106359  0.07603737658  
0.6492013846  0.06941758042  
0.6177441749  0.04296535469  
0.6206289694  0.0352899519  
0.5872369754  0.04144729436  
0.663787755  0.08801829097  
0.5359979505  0.2001664412  
0.6638626311  0.2040708912  
0.582128271  0.1030273505  
0.5884505018  0.05728839083  
0.6571892275  0.1040878913  
0.6116677427  0.0817974657  
0.7204644087  0.1620189555  
0.4794400843  0.3595093127  
0.6648084791  0.3011697001  
0.4212656143  0.4150861575  
0.5869328228  0.3181131669  
0.7273226023  0.1714925154  
0.5504117027  0.2765423849  
0.6129586263  0.1159252897  
0.673573239  0.101156413  
0.5581678769  0.1648509356  
0.6866552299  0.1917688032  
0.5754789614  0.1437340674  
0.6192416875  0.05137013244  
0.566450406  0.1332254488  
0.6858440572  0.2090316602  
0.6644889729  0.1312974087  
0.7543948285  0.1680118832  
0.6642909016  0.1351500132  
0.6800032159  0.08566132551  
0.5575566291  0.1610676127  
0.3688975193  0.3946881819  
0.6706334452  0.5254775278  
0.631582149  0.06293278963  
0.7249130191  0.1133189973  
0.5133919755  0.2681001736  
0.6674793866  0.1978753771  
0.6216645306  0.07826698943  
0.6889870258  0.07883540517  
0.683928444  0.03697723862  
0.6546984704  0.04822282765  
0.5365858188  0.1767162884  
0.6892839248  0.1985426941  
0.5549413697  0.2136360092  
0.6792915648  0.2287512644  
0.5993306007  0.1442460491  
0.7055498555  0.1380786293  
0.6916201694  0.05578219968  
0.4357964021  0.4402563957  
0.7963343094  0.5829414501  
0.5546342775  0.3196396043  
0.5951336485  0.07058602281  
0.828640788  0.3632685211  
0.6198938229  0.2997453045  
0.6810742123  0.07943411244  
0.7190425485  0.07267121682  
0.7187335006  0.02364924718  
0.7026380235  0.03360840431  
0.6266970419  0.1544959938  
0.5911635048  0.05541790964  
0.6087542459  0.1270910596  
0.7926136762  0.3345670514  
0.641600873  0.2465270917  
0.7436661142  0.1739031752  
0.5623126748  0.2758999551  
0.4936605541  0.2610325899  
0.3402819901  0.2788127564  
0.3514431805  0.0269578684  
0.4093497993  0.06433932726  
0.429968143  0.1297198577  
0.4056284402  0.04159490965  
0.4733878383  0.1418345757  
0.4195839218  0.2707877899  
0.4276314797  0.05338525922  
0.4120892286  0.05424675819  
0.4399209979  0.07429260638  
0.4477139014  0.1112105171  
0.4410717913  0.1453602678  
0.4024917159  0.1737026402  
0.3929650935  0.1483077188  
0.3987959535  0.09849573704  
0.4240247753  0.09611992242  
0.4117228315  0.1605646183  
0.4265883315  0.1805358071  
0.3603537618  0.1513092441  
0.4752300226  0.173269645  
0.4397732768  0.1019998324  
0.4751968448  0.05987310934  
0.4439085279  0.08814162271  
0.4473087716  0.1235773653  
0.4464411208  0.04744471648  
0.4474526251  0.1609096025  
0.4894724649  0.3080296113  
0.4566860955  0.2800203568  
0.4758218601  0.07275605493  
0.4540349634  0.07027666905  
0.5050776915  0.2956354568  
0.4284145272  0.2809278416  
0.4864549898  0.1776644221  
0.464881496  0.2454637156  
0.4898433969  0.0935655025  
0.3777699556  0.1814493402  
0.4492660233  0.1183613094  
0.4746083172  0.1831411091  
0.4624683157  0.02347582773  
0.4614897564  0.0924447928  
0.4892967353  0.07914931209  
0.4633642928  0.0988583266  
0.4888843853  0.1362352661  
0.5230299287  0.3359464455  
0.4855910907  0.1346621959  
0.509751967  0.218458279  
0.5173442431  0.03880402567  
0.5022819271  0.04927338602  
0.5180385995  0.1046503508  
0.5302062308  0.1855810762  
0.5010363785  0.17955945  
0.5192640404  0.04434010111  
0.463030651  0.0699618622  
0.5339931361  0.0848122822  
0.5033964171  0.06309673747  
0.5119828963  0.09773582103  
0.5095528071  0.1182301472  
0.5448857757  0.2431980999  
0.501233451  0.1813927584  
0.541128436  0.0739523761  
0.5842053464  0.2749129061  
0.5286399412  0.2203992613  
0.5417918384  0.03397986669  
0.5227690923  0.04256049526  
0.5385367298  0.1260887197  
0.5450554706  0.07019030805  
0.5222004017  0.08174087688  
0.5678461221  0.106651526  
0.5538649252  0.3177995296  
0.4836045376  0.2498338218  
0.5670654499  0.2482869349  
0.5635375766  0.103609915  
0.5604098618  0.07806574627  
0.5671833268  0.2565486211  
0.5505158712  0.1445754692  
0.575506668  0.08203395224  
0.565040879  0.1377237253  
0.5656414598  0.09922206149  
0.5601978738  0.08240433323  
0.5824026877  0.2505382325  
0.5613971479  0.2410787078  
0.5778196897  0.1115158965  
0.5851216019  0.1035722216  
0.5794283936  0.03783137118  
0.5866059562  0.1694273643  
0.6013404486  0.06328897247  
0.5567791466  0.3442242438  
0.5967308445  0.1171474463  
0.5947702336  0.1411712669  
0.6278957099  0.09825169008  
0.5974139225  0.2067574934  
0.6093434465  0.1729973619  
0.596240838  0.1330616681  
0.6394302676  0.2276067143  
0.6024164544  0.2964987682  
0.6247383729  0.1273492704  
0.6108374879  0.1419045864  
0.6472933356  0.1052085465  
0.6259942857  0.1432552716  
0.6313393335  0.1994572597  
0.6362408159  0.1270276977  
0.6136418898  0.1148920355  
0.6522773931  0.1177374013  
0.6015367903  0.08060065352  
0.6548171416  0.0791664561  
0.6544513815  0.1022472812  
0.646444127  0.1569092094  
0.6374948837  0.03014427818  
0.6603941516  0.1351971365  
0.685009567  0.3218468832  
0.6822322144  0.0253943407  
0.6606482996  0.1616718619  
0.6642446835  0.0680513849  
0.6788922151  0.045881859  
0.713716011  0.11375082  
0.691934295  0.2162897916  
0.6702646877  0.0389103979  
0.6829978327  0.01790171561  
0.6779581508  0.1043446279  
0.7204074158  0.2588907148  
0.6793204343  0.3146407262  
0.6925569545  0.08399126456  
0.7078866968  0.0676439601  
0.7147038368  0.06583705568  
0.7013069971  0.04787016478  
0.7218236608  0.04025007854  
0.7143250531  0.08322988985  
0.7162441098  0.0372383205  
0.7252385153  0.07892210028  
0.7329502  0.2892337654  
0.7244796324  0.1614109245  
0.7033876925  0.03953993526  
0.7431470434  0.1006747796  
0.7318243144  0.03917688567  
0.7287852738  0.201529305  
0.7371664166  0.1013681149  
0.7416344384  0.07698307313  
0.7166307026  0.1811329647  
